CCD1D200708_145649_x	CCD1D200708_145649_y
467.360873	0.000000	
467.490552	0.000000	
467.620231	0.000000	
467.749911	0.000000	
467.879590	0.000000	
468.009269	0.000000	
468.138948	0.000000	
468.268628	0.000000	
468.398307	0.000000	
468.527986	0.000000	
468.657666	0.000000	
468.787345	0.000000	
468.917024	0.000000	
469.046703	0.000000	
469.176383	0.000000	
469.306062	0.000000	
469.435741	0.000000	
469.565421	0.000000	
469.695100	0.000000	
469.824779	0.000000	
469.954458	0.000000	
470.084138	0.000000	
470.213817	0.000000	
470.343496	0.000000	
470.473176	0.000000	
470.602855	0.000000	
470.732534	0.000000	
470.862213	0.000000	
470.991893	0.000000	
471.121572	0.000000	
471.251251	0.000000	
471.380931	0.000000	
471.510610	0.000000	
471.640289	0.000000	
471.769968	0.000000	
471.899648	0.000000	
472.029327	0.000000	
472.159006	0.000000	
472.288686	0.000000	
472.418365	0.000000	
472.548044	0.000000	
472.677723	0.000000	
472.807403	0.000000	
472.937082	0.000000	
473.066761	0.000000	
473.196441	0.000000	
473.326120	0.000000	
473.455799	0.000000	
473.585478	0.000000	
473.715158	0.000000	
473.844837	0.000000	
473.974516	0.000000	
474.104196	0.000000	
474.233875	0.000000	
474.363554	0.000000	
474.493233	0.000000	
474.622913	0.000000	
474.752592	0.000000	
474.882271	0.000000	
475.011951	0.000000	
475.141630	0.000000	
475.271309	0.000000	
475.400988	0.000000	
475.530668	0.000000	
475.660347	0.000000	
475.790026	0.000000	
475.919706	0.000000	
476.049385	0.000000	
476.179064	0.000000	
476.308743	0.000000	
476.438423	0.000000	
476.568102	0.000000	
476.697781	0.000000	
476.827461	0.000000	
476.957140	0.000000	
477.086819	0.000000	
477.216499	0.000000	
477.346178	0.000000	
477.475857	0.000000	
477.605536	0.000000	
477.735216	0.000000	
477.864895	0.000000	
477.994574	0.000000	
478.124254	0.000000	
478.253933	0.000000	
478.383612	0.000000	
478.513291	0.000000	
478.642971	0.000000	
478.772650	0.000000	
478.902329	0.000000	
479.032009	0.000000	
479.161688	0.000000	
479.291367	0.000000	
479.421046	0.000000	
479.550726	0.000000	
479.680405	0.000000	
479.810084	0.000000	
479.939764	0.000000	
480.069443	0.000000	
480.199122	0.000000	
480.328801	0.000000	
480.458481	0.000000	
480.588160	0.000000	
480.717839	0.000000	
480.847519	0.000000	
480.977198	0.000000	
481.106877	0.000000	
481.236556	0.000000	
481.366236	0.000000	
481.495915	0.000000	
481.625594	0.000000	
481.755274	0.000000	
481.884953	0.000000	
482.014632	0.000000	
482.144311	0.000000	
482.273991	0.000000	
482.403670	0.000000	
482.533349	0.000000	
482.663029	0.000000	
482.792708	0.000000	
482.922387	0.000000	
483.052066	0.000000	
483.181746	0.000000	
483.311425	0.000000	
483.441104	0.000000	
483.570784	0.000000	
483.700463	0.000000	
483.830142	0.000000	
483.959821	0.000000	
484.089501	0.000000	
484.219180	0.000000	
484.348859	0.000000	
484.478539	0.000000	
484.608218	0.000000	
484.737897	0.000000	
484.867576	0.000000	
484.997256	0.000000	
485.126935	0.000000	
485.256614	0.000000	
485.386294	0.000000	
485.515973	0.000000	
485.645652	0.000000	
485.775331	0.000000	
485.905011	0.000000	
486.034690	0.000000	
486.164369	0.000000	
486.294049	0.000000	
486.423728	0.000000	
486.553407	0.000000	
486.683086	0.000000	
486.812766	0.000000	
486.942445	0.000000	
487.072124	0.000000	
487.201804	0.000000	
487.331483	0.000000	
487.461162	0.000000	
487.590841	0.000000	
487.720521	0.000000	
487.850200	0.000000	
487.979879	0.000000	
488.109559	0.000000	
488.239238	0.000000	
488.368917	0.000000	
488.498596	0.000000	
488.628276	0.000000	
488.757955	0.000000	
488.887634	0.000000	
489.017314	0.000000	
489.146993	0.000000	
489.276672	0.000000	
489.406351	0.000000	
489.536031	0.000000	
489.665710	0.000000	
489.795389	0.000000	
489.925069	0.000000	
490.054748	0.000000	
490.184427	0.000000	
490.314106	0.000000	
490.443786	0.000000	
490.573465	0.000000	
490.703144	0.000000	
490.832824	0.000000	
490.962503	0.000000	
491.092182	0.000000	
491.221861	0.000000	
491.351541	0.000000	
491.481220	0.000000	
491.610899	0.000000	
491.740579	0.000000	
491.870258	0.000000	
491.999937	0.000000	
492.129616	0.000000	
492.259296	0.000000	
492.388975	0.000000	
492.518654	0.000000	
492.648334	0.000000	
492.778013	0.000000	
492.907692	0.000000	
493.037371	0.000000	
493.167051	0.000000	
493.296730	0.000000	
493.426409	0.000000	
493.556089	0.000000	
493.685768	0.000000	
493.815447	0.000000	
493.945126	0.000000	
494.074806	0.000000	
494.204485	0.000000	
494.334164	0.000000	
494.463844	0.000000	
494.593523	0.000000	
494.723202	0.000000	
494.852882	0.000000	
494.982561	0.000000	
495.112240	0.000000	
495.241919	0.000000	
495.371599	0.000000	
495.501278	0.000000	
495.630957	0.000000	
495.760637	0.000000	
495.890316	0.000000	
496.019995	0.000000	
496.149674	0.000000	
496.279354	0.000000	
496.409033	0.000000	
496.538712	0.000000	
496.668392	0.000000	
496.798071	0.000000	
496.927750	0.000000	
497.057429	0.000000	
497.187109	0.000000	
497.316788	0.000000	
497.446467	0.000000	
497.576147	0.000000	
497.705826	0.000000	
497.835505	0.000000	
497.965184	0.000000	
498.094864	0.000000	
498.224543	0.000000	
498.354222	0.000000	
498.483902	0.000000	
498.613581	0.000000	
498.743260	0.000000	
498.872939	0.000000	
499.002619	0.000000	
499.132298	0.000000	
499.261977	0.000000	
499.391657	0.000000	
499.521336	0.000000	
499.651015	0.000000	
499.780694	0.000000	
499.910374	0.000000	
500.040053	0.000000	
500.169732	0.000000	
500.299412	0.000000	
500.429091	0.000000	
500.558770	0.000000	
500.688449	0.000000	
500.818129	0.000000	
500.947808	0.000000	
501.077487	0.000000	
501.207167	0.000000	
501.336846	0.000000	
501.466525	0.000000	
501.596204	0.000000	
501.725884	0.000000	
501.855563	0.000000	
501.985242	0.000000	
502.114922	0.000000	
502.244601	0.000000	
502.374280	0.000000	
502.503959	0.000000	
502.633639	0.000000	
502.763318	0.000000	
502.892997	0.000000	
503.022677	0.000000	
503.152356	0.000000	
503.282035	0.000000	
503.411714	0.000000	
503.541394	0.000000	
503.671073	0.000000	
503.800752	0.000000	
503.930432	0.000000	
504.060111	0.000000	
504.189790	0.000000	
504.319469	0.000000	
504.449149	0.000000	
504.578828	0.000000	
504.708507	0.000000	
504.838187	0.000000	
504.967866	0.000000	
505.097545	0.000000	
505.227224	0.000000	
505.356904	0.000000	
505.486583	0.000000	
505.616262	0.000000	
505.745942	0.000000	
505.875621	0.000000	
506.005300	0.000000	
506.134979	0.000000	
506.264659	0.000000	
506.394338	0.000000	
506.524017	0.000000	
506.653697	0.000000	
506.783376	0.000000	
506.913055	0.000000	
507.042734	0.000000	
507.172414	0.000000	
507.302093	0.000000	
507.431772	0.000000	
507.561452	0.000000	
507.691131	0.000000	
507.820810	0.000000	
507.950489	0.000000	
508.080169	0.000000	
508.209848	0.000000	
508.339527	0.000000	
508.469207	0.000000	
508.598886	0.000000	
508.728565	0.000000	
508.858244	0.000000	
508.987924	0.000000	
509.117603	0.000000	
509.247282	0.000000	
509.376962	0.000000	
509.506641	0.000000	
509.636320	0.000000	
509.765999	0.000000	
509.895679	0.000000	
510.025358	0.000000	
510.155037	0.000000	
510.284717	0.000000	
510.414396	0.000000	
510.544075	0.000000	
510.673754	0.000000	
510.803434	0.000000	
510.933113	0.000000	
511.062792	0.000000	
511.192472	0.000000	
511.322151	0.000000	
511.451830	0.000000	
511.581509	0.000000	
511.711189	0.000000	
511.840868	0.000000	
511.970547	0.000000	
512.100227	0.000000	
512.229906	0.000000	
512.359585	0.000000	
512.489265	0.000000	
512.618944	0.000000	
512.748623	0.000000	
512.878302	0.000000	
513.007982	0.000000	
513.137661	0.000000	
513.267340	0.000000	
513.397020	0.000000	
513.526699	0.000000	
513.656378	0.000000	
513.786057	0.000000	
513.915737	0.000000	
514.045416	0.000000	
514.175095	0.000000	
514.304775	0.000000	
514.434454	0.000000	
514.564133	0.000000	
514.693812	0.000000	
514.823492	0.000000	
514.953171	0.000000	
515.082850	0.000000	
515.212530	0.000000	
515.342209	0.000000	
515.471888	0.000000	
515.601567	0.000000	
515.731247	0.000000	
515.860926	0.000000	
515.990605	0.000000	
516.120285	0.000000	
516.249964	0.000000	
516.379643	0.000000	
516.509322	0.000000	
516.639002	0.000000	
516.768681	0.000000	
516.898360	0.000000	
517.028040	0.000000	
517.157719	0.000000	
517.287398	0.000000	
517.417077	0.000000	
517.546757	0.000000	
517.676436	0.000000	
517.806115	0.000000	
517.935795	0.000000	
518.065474	0.000000	
518.195153	0.000000	
518.324832	0.000000	
518.454512	0.000000	
518.584191	0.000000	
518.713870	0.000000	
518.843550	0.000000	
518.973229	0.000000	
519.102908	0.000000	
519.232587	0.000000	
519.362267	0.000000	
519.491946	0.000000	
519.621625	0.000000	
519.751305	0.000000	
519.880984	0.000000	
520.010663	0.000000	
520.140342	0.000000	
520.270022	0.000000	
520.399701	0.000000	
520.529380	0.000000	
520.659060	0.000000	
520.788739	0.000000	
520.918418	0.000000	
521.048097	0.000000	
521.177777	0.000000	
521.307456	0.000000	
521.437135	0.000000	
521.566815	0.000000	
521.696494	0.000000	
521.826173	0.000000	
521.955852	0.000000	
522.085532	0.000000	
522.215211	0.000000	
522.344890	0.000000	
522.474570	0.000000	
522.604249	0.000000	
522.733928	0.000000	
522.863607	0.000000	
522.993287	0.000000	
523.122966	0.000000	
523.252645	0.000000	
523.382325	0.000000	
523.512004	0.000000	
523.641683	0.000000	
523.771362	0.000000	
523.901042	0.000000	
524.030721	0.000000	
524.160400	0.000000	
524.290080	0.000000	
524.419759	0.000000	
524.549438	0.000000	
524.679117	0.000000	
524.808797	0.000000	
524.938476	0.000000	
525.068155	0.000000	
525.197835	0.000000	
525.327514	0.000000	
525.457193	0.000000	
525.586872	0.000000	
525.716552	0.000000	
525.846231	0.000000	
525.975910	0.000000	
526.105590	0.000000	
526.235269	0.000000	
526.364948	0.000000	
526.494627	0.000000	
526.624307	0.000000	
526.753986	0.000000	
526.883665	0.000000	
527.013345	0.000000	
527.143024	0.000000	
527.272703	0.000000	
527.402382	0.000000	
527.532062	0.000000	
527.661741	0.000000	
527.791420	0.000000	
527.921100	0.000000	
528.050779	0.000000	
528.180458	0.000000	
528.310137	0.000000	
528.439817	0.000000	
528.569496	0.000000	
528.699175	0.000000	
528.828855	0.000000	
528.958534	0.000000	
529.088213	0.000000	
529.217892	0.000000	
529.347572	0.000000	
529.477251	0.000000	
529.606930	0.000000	
529.736610	0.000000	
529.866289	0.000000	
529.995968	0.000000	
530.125648	0.000000	
530.255327	0.000000	
530.385006	0.000000	
530.514685	0.000000	
530.644365	0.000000	
530.774044	0.000000	
530.903723	0.000000	
531.033403	0.000000	
531.163082	0.000000	
531.292761	0.000000	
531.422440	0.000000	
531.552120	0.000000	
531.681799	0.000000	
531.811478	0.000000	
531.941158	0.000000	
532.070837	0.000000	
532.200516	0.000000	
532.330195	0.000000	
532.459875	0.000000	
532.589554	0.000000	
532.719233	0.000000	
532.848913	0.000000	
532.978592	0.000000	
533.108271	0.000000	
533.237950	0.000000	
533.367630	0.000000	
533.497309	0.000000	
533.626988	0.000000	
533.756668	0.000000	
533.886347	0.000000	
534.016026	0.000000	
534.145705	0.000000	
534.275385	0.000000	
534.405064	0.000000	
534.534743	0.000000	
534.664423	0.000000	
534.794102	0.000000	
534.923781	0.000000	
535.053460	0.000000	
535.183140	0.000000	
535.312819	0.000000	
535.442498	0.000000	
535.572178	0.000000	
535.701857	0.000000	
535.831536	0.000000	
535.961215	0.000000	
536.090895	0.000000	
536.220574	0.000000	
536.350253	0.000000	
536.479933	0.000000	
536.609612	0.000000	
536.739291	0.000000	
536.868970	0.000000	
536.998650	0.000000	
537.128329	0.000000	
537.258008	0.000000	
537.387688	0.000000	
537.517367	0.000000	
537.647046	0.000000	
537.776725	0.000000	
537.906405	0.000000	
538.036084	0.000000	
538.165763	0.000000	
538.295443	0.000000	
538.425122	0.000000	
538.554801	0.000000	
538.684480	0.000000	
538.814160	0.000000	
538.943839	0.000000	
539.073518	0.000000	
539.203198	0.000000	
539.332877	0.000000	
539.462556	0.000000	
539.592235	0.000000	
539.721915	0.000000	
539.851594	0.000000	
539.981273	0.000000	
540.110953	0.000000	
540.240632	0.000000	
540.370311	0.000000	
540.499990	0.000000	
540.629670	0.000000	
540.759349	0.000000	
540.889028	0.000000	
541.018708	0.000000	
541.148387	0.000000	
541.278066	0.000000	
541.407745	0.000000	
541.537425	0.000000	
541.667104	0.000000	
541.796783	0.000000	
541.926463	0.000000	
542.056142	0.000000	
542.185821	0.000000	
542.315500	0.000000	
542.445180	0.000000	
542.574859	0.000000	
542.704538	0.000000	
542.834218	0.000000	
542.963897	0.000000	
543.093576	0.000000	
543.223255	0.000000	
543.352935	0.000000	
543.482614	0.000000	
543.612293	0.000000	
543.741973	0.000000	
543.871652	0.000000	
544.001331	0.000000	
544.131010	0.000000	
544.260690	0.000000	
544.390369	0.000000	
544.520048	0.000000	
544.649728	0.000000	
544.779407	0.000000	
544.909086	0.000000	
545.038765	0.000000	
545.168445	0.000000	
545.298124	0.000000	
545.427803	0.000000	
545.557483	0.000000	
545.687162	0.000000	
545.816841	0.000000	
545.946520	0.000000	
546.076200	0.000000	
546.205879	0.000000	
546.335558	0.000000	
546.465238	0.000000	
546.594917	0.000000	
546.724596	0.000000	
546.854275	0.000000	
546.983955	0.000000	
547.113634	0.000000	
547.243313	0.000000	
547.372993	0.000000	
547.502672	0.000000	
547.632351	0.000000	
547.762031	0.000000	
547.891710	0.000000	
548.021389	0.000000	
548.151068	0.000000	
548.280748	0.000000	
548.410427	0.000000	
548.540106	0.000000	
548.669786	0.000000	
548.799465	0.000000	
548.929144	0.000000	
549.058823	0.000000	
549.188503	0.000000	
549.318182	0.000000	
549.447861	0.000000	
549.577541	0.000000	
549.707220	0.000000	
549.836899	0.000000	
549.966578	0.000000	
550.096258	0.000000	
550.225937	0.000000	
550.355616	0.000000	
550.485296	0.000000	
550.614975	0.000000	
550.744654	0.000000	
550.874333	0.000000	
551.004013	0.000000	
551.133692	0.000000	
551.263371	0.000000	
551.393051	0.000000	
551.522730	0.000000	
551.652409	0.000000	
551.782088	0.000000	
551.911768	0.000000	
552.041447	0.000000	
552.171126	0.000000	
552.300806	0.000000	
552.430485	0.000000	
552.560164	0.000000	
552.689843	0.000000	
552.819523	0.000000	
552.949202	0.000000	
553.078881	0.000000	
553.208561	0.000000	
553.338240	0.000000	
553.467919	0.000000	
553.597598	0.000000	
553.727278	0.000000	
553.856957	0.000000	
553.986636	0.000000	
554.116316	0.000000	
554.245995	0.000000	
554.375674	0.000000	
554.505353	0.000000	
554.635033	0.000000	
554.764712	0.000000	
554.894391	0.000000	
555.024071	0.000000	
555.153750	0.000000	
555.283429	0.000000	
555.413108	0.000000	
555.542788	0.000000	
555.672467	0.000000	
555.802146	0.000000	
555.931826	0.000000	
556.061505	0.000000	
556.191184	0.000000	
556.320863	0.000000	
556.450543	0.000000	
556.580222	0.000000	
556.709901	0.000000	
556.839581	0.000000	
556.969260	0.000000	
557.098939	0.000000	
557.228618	0.000000	
557.358298	0.000000	
557.487977	0.000000	
557.617656	0.000000	
557.747336	0.000000	
557.877015	0.000000	
558.006694	0.000000	
558.136373	0.000000	
558.266053	0.000000	
558.395732	0.000000	
558.525411	0.000000	
558.655091	0.000000	
558.784770	0.000000	
558.914449	0.000000	
559.044128	0.000000	
559.173808	0.000000	
559.303487	0.000000	
559.433166	0.000000	
559.562846	0.000000	
559.692525	0.000000	
559.822204	0.000000	
559.951883	0.000000	
560.081563	0.000000	
560.211242	0.000000	
560.340921	0.000000	
560.470601	0.000000	
560.600280	0.000000	
560.729959	0.000000	
560.859638	0.000000	
560.989318	0.000000	
561.118997	0.000000	
561.248676	0.000000	
561.378356	0.000000	
561.508035	0.000000	
561.637714	0.000000	
561.767393	0.000000	
561.897073	0.000000	
562.026752	0.000000	
562.156431	0.000000	
562.286111	0.000000	
562.415790	0.000000	
562.545469	0.000000	
562.675148	0.000000	
562.804828	0.000000	
562.934507	0.000000	
563.064186	0.000000	
563.193866	0.000000	
563.323545	0.000000	
563.453224	0.000000	
563.582903	0.000000	
563.712583	0.000000	
563.842262	0.000000	
563.971941	0.000000	
564.101621	0.000000	
564.231300	0.000000	
564.360979	0.000000	
564.490658	0.000000	
564.620338	0.000000	
564.750017	0.000000	
564.879696	0.000000	
565.009376	0.000000	
565.139055	0.000000	
565.268734	0.000000	
565.398414	0.000000	
565.528093	0.000000	
565.657772	0.000000	
565.787451	0.000000	
565.917131	0.000000	
566.046810	0.000000	
566.176489	0.000000	
566.306169	0.000000	
566.435848	0.000000	
566.565527	0.000000	
566.695206	0.000000	
566.824886	0.000000	
566.954565	0.000000	
567.084244	0.000000	
567.213924	0.000000	
567.343603	0.000000	
567.473282	0.000000	
567.602961	0.000000	
567.732641	0.000000	
567.862320	0.000000	
567.991999	0.000000	
568.121679	0.000000	
568.251358	0.000000	
568.381037	0.000000	
568.510716	0.000000	
568.640396	0.000000	
568.770075	0.000000	
568.899754	0.000000	
569.029434	0.000000	
569.159113	0.000000	
569.288792	0.000000	
569.418471	0.000000	
569.548151	0.000000	
569.677830	0.000000	
569.807509	0.000000	
569.937189	0.000000	
570.066868	0.000000	
570.196547	0.000000	
570.326226	0.000000	
570.455906	0.000000	
570.585585	0.000000	
570.715264	0.000000	
570.844944	0.000000	
570.974623	0.000000	
571.104302	0.000000	
571.233981	0.000000	
571.363661	0.000000	
571.493340	0.000000	
571.623019	0.000000	
571.752699	0.000000	
571.882378	0.000000	
572.012057	0.000000	
572.141736	0.000000	
572.271416	0.000000	
572.401095	0.000000	
572.530774	0.000000	
572.660454	0.000000	
572.790133	0.000000	
572.919812	0.000000	
573.049491	0.000000	
573.179171	0.000000	
573.308850	0.000000	
573.438529	0.000000	
573.568209	0.000000	
573.697888	0.000000	
573.827567	0.000000	
573.957246	0.000000	
574.086926	0.000000	
574.216605	0.000000	
574.346284	0.000000	
574.475964	0.000000	
574.605643	0.000000	
574.735322	0.000000	
574.865001	0.000000	
574.994681	0.000000	
575.124360	0.000000	
575.254039	0.000000	
575.383719	0.000000	
575.513398	0.000000	
575.643077	0.000000	
575.772756	0.000000	
575.902436	0.000000	
576.032115	0.000000	
576.161794	0.000000	
576.291474	0.000000	
576.421153	0.000000	
576.550832	0.000000	
576.680511	0.000000	
576.810191	0.000000	
576.939870	0.000000	
577.069549	0.000000	
577.199229	0.000000	
577.328908	0.000000	
577.458587	0.000000	
577.588266	0.000000	
577.717946	0.000000	
577.847625	0.000000	
577.977304	0.000000	
578.106984	0.000000	
578.236663	0.000000	
578.366342	0.000000	
578.496021	0.000000	
578.625701	0.000000	
578.755380	0.000000	
578.885059	0.000000	
579.014739	0.000000	
579.144418	0.000000	
579.274097	0.000000	
579.403776	0.000000	
579.533456	0.000000	
579.663135	0.000000	
579.792814	0.000000	
579.922494	0.000000	
580.052173	0.000000	
580.181852	0.000000	
580.311531	0.000000	
580.441211	0.000000	
580.570890	0.000000	
580.700569	0.000000	
580.830249	0.000000	
580.959928	0.000000	
581.089607	0.000000	
581.219286	0.000000	
581.348966	0.000000	
581.478645	0.000000	
581.608324	0.000000	
581.738004	0.000000	
581.867683	0.000000	
581.997362	0.000000	
582.127041	0.000000	
582.256721	0.000000	
582.386400	0.000000	
582.516079	0.000000	
582.645759	0.000000	
582.775438	0.000000	
582.905117	0.000000	
583.034797	0.000000	
583.164476	0.000000	
583.294155	0.000000	
583.423834	0.000000	
583.553514	0.000000	
583.683193	0.000000	
583.812872	0.000000	
583.942552	0.000000	
584.072231	0.000000	
584.201910	0.000000	
584.331589	0.000000	
584.461269	0.000000	
584.590948	0.000000	
584.720627	0.000000	
584.850307	0.000000	
584.979986	0.000000	
585.109665	0.000000	
585.239344	0.000000	
585.369024	0.000000	
585.498703	0.000000	
585.628382	0.000000	
585.758062	0.000000	
585.887741	0.000000	
586.017420	0.000000	
586.147099	0.000000	
586.276779	0.000000	
586.406458	0.000000	
586.536137	0.000000	
586.665817	0.000000	
586.795496	0.000000	
586.925175	0.000000	
587.054854	0.000000	
587.184534	0.000000	
587.314213	0.000000	
587.443892	0.000000	
587.573572	0.000000	
587.703251	0.000000	
587.832930	0.000000	
587.962609	0.000000	
588.092289	0.000000	
588.221968	0.000000	
588.351647	0.000000	
588.481327	0.000000	
588.611006	0.000000	
588.740685	0.000000	
588.870364	0.000000	
589.000044	0.000000	
589.129723	0.000000	
589.259402	0.000000	
589.389082	0.000000	
589.518761	0.000000	
589.648440	0.000000	
589.778119	0.000000	
589.907799	0.000000	
590.037478	0.000000	
590.167157	0.000000	
590.296837	0.000000	
590.426516	0.000000	
590.556195	0.000000	
590.685874	0.000000	
590.815554	0.000000	
590.945233	0.000000	
591.074912	0.000000	
591.204592	0.000000	
591.334271	0.000000	
591.463950	0.000000	
591.593629	0.000000	
591.723309	0.000000	
591.852988	0.000000	
591.982667	0.000000	
592.112347	0.000000	
592.242026	0.000000	
592.371705	0.000000	
592.501384	0.000000	
592.631064	0.000000	
592.760743	0.000000	
592.890422	0.000000	
593.020102	0.000000	
593.149781	0.000000	
593.279460	0.000000	
593.409139	0.000000	
593.538819	0.000000	
593.668498	0.000000	
593.798177	0.000000	
593.927857	0.000000	
594.057536	0.000000	
594.187215	0.000000	
594.316894	0.000000	
594.446574	0.000000	
594.576253	0.000000	
594.705932	0.000000	
594.835612	0.000000	
594.965291	0.000000	
595.094970	0.000000	
595.224649	0.000000	
595.354329	0.000000	
595.484008	0.000000	
595.613687	0.000000	
595.743367	0.000000	
595.873046	0.000000	
596.002725	0.000000	
596.132404	0.000000	
596.262084	0.000000	
596.391763	0.000000	
596.521442	0.000000	
596.651122	0.000000	
596.780801	0.000000	
596.910480	0.000000	
597.040159	0.000000	
597.169839	0.000000	
597.299518	0.000000	
597.429197	0.000000	
597.558877	0.000000	
597.688556	0.000000	
597.818235	0.000000	
597.947914	0.000000	
598.077594	0.000000	
598.207273	0.000000	
598.336952	0.000000	
598.466632	0.000000	
598.596311	0.000000	
598.725990	0.000000	
598.855669	0.000000	
598.985349	0.000000	
599.115028	0.000000	
599.244707	0.000000	
599.374387	0.000000	
599.504066	0.000000	
599.633745	0.000000	
599.763424	0.000000	
599.893104	0.000000	
600.022783	0.000000	
600.152462	0.000000	
600.282142	0.000000	
600.411821	0.000000	
600.541500	0.000000	
600.671180	0.000000	
600.800859	0.000000	
600.930538	0.000000	
601.060217	0.000000	
601.189897	0.000000	
601.319576	0.000000	
601.449255	0.000000	
601.578935	0.000000	
601.708614	0.000000	
601.838293	0.000000	
601.967972	0.000000	
602.097652	0.000000	
602.227331	0.000000	
602.357010	0.000000	
602.486690	0.000000	
602.616369	0.000000	
602.746048	0.000000	
602.875727	0.000000	
603.005407	0.000000	
603.135086	0.000000	
603.264765	0.000000	
603.394445	0.000000	
603.524124	0.000000	
603.653803	0.000000	
603.783482	0.000000	
603.913162	0.000000	
604.042841	0.000000	
604.172520	0.000000	
604.302200	0.000000	
604.431879	0.000000	
604.561558	0.000000	
604.691237	0.000000	
604.820917	0.000000	
604.950596	0.000000	
605.080275	0.000000	
605.209955	0.000000	
605.339634	0.000000	
605.469313	0.000000	
605.598992	0.000000	
605.728672	0.000000	
605.858351	0.000000	
605.988030	0.000000	
606.117710	0.000000	
606.247389	0.000000	
606.377068	0.000000	
606.506747	0.000000	
606.636427	0.000000	
606.766106	0.000000	
606.895785	0.000000	
607.025465	0.000000	
607.155144	0.000000	
607.284823	0.000000	
607.414502	0.000000	
607.544182	0.000000	
607.673861	0.000000	
607.803540	0.000000	
607.933220	0.000000	
608.062899	0.000000	
608.192578	0.000000	
608.322257	0.000000	
608.451937	0.000000	
608.581616	0.000000	
608.711295	0.000000	
608.840975	0.000000	
608.970654	0.000000	
609.100333	0.000000	
609.230012	0.000000	
609.359692	0.000000	
609.489371	0.000000	
609.619050	0.000000	
609.748730	0.000000	
609.878409	0.000000	
610.008088	0.000000	
610.137767	0.000000	
610.267447	0.000000	
610.397126	0.000000	
610.526805	0.000000	
610.656485	0.000000	
610.786164	0.000000	
610.915843	0.000000	
611.045522	0.000000	
611.175202	0.000000	
611.304881	0.000000	
611.434560	0.000000	
611.564240	0.000000	
611.693919	0.000000	
611.823598	0.000000	
611.953277	0.000000	
612.082957	0.000000	
612.212636	0.000000	
612.342315	0.000000	
612.471995	0.000000	
612.601674	0.000000	
612.731353	0.000000	
612.861032	0.000000	
612.990712	0.000000	
613.120391	0.000000	
613.250070	0.000000	
613.379750	0.000000	
613.509429	0.000000	
613.639108	0.000000	
613.768787	0.000000	
613.898467	0.000000	
614.028146	0.000000	
614.157825	0.000000	
614.287505	0.000000	
614.417184	0.000000	
614.546863	0.000000	
614.676542	0.000000	
614.806222	0.000000	
614.935901	0.000000	
615.065580	0.000000	
615.195260	0.000000	
615.324939	0.000000	
615.454618	0.000000	
615.584297	0.000000	
615.713977	0.000000	
615.843656	0.000000	
615.973335	0.000000	
616.103015	0.000000	
616.232694	0.000000	
616.362373	0.000000	
616.492052	0.000000	
616.621732	0.000000	
616.751411	0.000000	
616.881090	0.000000	
617.010770	0.000000	
617.140449	0.000000	
617.270128	0.000000	
617.399807	0.000000	
617.529487	0.000000	
617.659166	0.000000	
617.788845	0.000000	
617.918525	0.000000	
618.048204	0.000000	
618.177883	0.000000	
618.307563	0.000000	
618.437242	0.000000	
618.566921	0.000000	
618.696600	0.000000	
618.826280	0.000000	
618.955959	0.000000	
619.085638	0.000000	
619.215318	0.000000	
619.344997	0.000000	
619.474676	0.000000	
619.604355	0.000000	
619.734035	0.000000	
619.863714	0.000000	
619.993393	0.000000	
620.123073	0.000000	
620.252752	0.000000	
620.382431	0.000000	
620.512110	0.000000	
620.641790	0.000000	
620.771469	0.000000	
620.901148	0.000000	
621.030828	0.000000	
621.160507	0.000000	
621.290186	0.000000	
621.419865	0.000000	
621.549545	0.000000	
621.679224	0.000000	
621.808903	0.000000	
621.938583	0.000000	
622.068262	0.000000	
622.197941	0.000000	
622.327620	0.000000	
622.457300	0.000000	
622.586979	0.000000	
622.716658	0.000000	
622.846338	0.000000	
622.976017	0.000000	
623.105696	0.000000	
623.235375	0.000000	
623.365055	0.000000	
623.494734	0.000000	
623.624413	0.000000	
623.754093	0.000000	
623.883772	0.000000	
624.013451	0.000000	
624.143130	0.000000	
624.272810	0.000000	
624.402489	0.000000	
624.532168	0.000000	
624.661848	0.000000	
624.791527	0.000000	
624.921206	0.000000	
625.050885	0.000000	
625.180565	0.000000	
625.310244	0.000000	
625.439923	0.000000	
625.569603	0.000000	
625.699282	0.000000	
625.828961	0.000000	
625.958640	0.000000	
626.088320	0.000000	
626.217999	0.000000	
626.347678	0.000000	
626.477358	0.000000	
626.607037	0.000000	
626.736716	0.000000	
626.866395	0.000000	
626.996075	0.000000	
627.125754	0.000000	
627.255433	0.000000	
627.385113	0.000000	
627.514792	0.000000	
627.644471	0.000000	
627.774150	0.000000	
627.903830	0.000000	
628.033509	0.000000	
628.163188	0.000000	
628.292868	0.000000	
628.422547	0.000000	
628.552226	0.000000	
628.681905	0.000000	
628.811585	0.000000	
628.941264	0.000000	
629.070943	0.000000	
629.200623	0.000000	
629.330302	0.000000	
629.459981	0.000000	
629.589660	0.000000	
629.719340	0.000000	
629.849019	0.000000	
629.978698	0.000000	
630.108378	0.000000	
630.238057	0.000000	
630.367736	0.000000	
630.497415	0.000000	
630.627095	0.000000	
630.756774	0.000000	
630.886453	0.000000	
631.016133	0.000000	
631.145812	0.000000	
631.275491	0.000000	
631.405170	0.000000	
631.534850	0.000000	
631.664529	0.000000	
631.794208	0.000000	
631.923888	0.000000	
632.053567	0.000000	
632.183246	0.000000	
632.312925	0.000000	
632.442605	0.000000	
632.572284	0.000000	
632.701963	0.000000	
632.831643	0.000000	
632.961322	0.000000	
633.091001	0.000000	
633.220680	0.000000	
633.350360	0.000000	
633.480039	0.000000	
633.609718	0.000000	
633.739398	0.000000	
633.869077	0.000000	
633.998756	0.000000	
634.128435	0.000000	
634.258115	0.000000	
634.387794	0.000000	
634.517473	0.000000	
634.647153	0.000000	
634.776832	0.000000	
634.906511	0.000000	
635.036190	0.000000	
635.165870	0.000000	
635.295549	0.000000	
635.425228	0.000000	
635.554908	0.000000	
635.684587	0.000000	
635.814266	0.000000	
635.943946	0.000000	
636.073625	0.000000	
636.203304	0.000000	
636.332983	0.000000	
636.462663	0.000000	
636.592342	0.000000	
636.722021	0.000000	
636.851701	0.000000	
636.981380	0.000000	
637.111059	0.000000	
637.240738	0.000000	
637.370418	0.000000	
637.500097	0.000000	
637.629776	0.000000	
637.759456	0.000000	
637.889135	0.000000	
638.018814	0.000000	
638.148493	0.000000	
638.278173	0.000000	
638.407852	0.000000	
638.537531	0.000000	
638.667211	0.000000	
638.796890	0.000000	
638.926569	0.000000	
639.056248	0.000000	
639.185928	0.000000	
639.315607	0.000000	
639.445286	0.000000	
639.574966	0.000000	
639.704645	0.000000	
639.834324	0.000000	
639.964003	0.000000	
640.093683	0.000000	
640.223362	0.000000	
640.353041	0.000000	
640.482721	0.000000	
640.612400	0.000000	
640.742079	0.000000	
640.871758	0.000000	
641.001438	0.000000	
641.131117	0.000000	
641.260796	0.000000	
641.390476	0.000000	
641.520155	0.000000	
641.649834	0.000000	
641.779513	0.000000	
641.909193	0.000000	
642.038872	0.000000	
642.168551	0.000000	
642.298231	0.000000	
642.427910	0.000000	
642.557589	0.000000	
642.687268	0.000000	
642.816948	0.000000	
642.946627	0.000000	
643.076306	0.000000	
643.205986	0.000000	
643.335665	0.000000	
643.465344	0.000000	
643.595023	0.000000	
643.724703	0.000000	
643.854382	0.000000	
643.984061	0.000000	
644.113741	0.000000	
644.243420	0.000000	
644.373099	0.000000	
644.502778	0.000000	
644.632458	0.000000	
644.762137	0.000000	
644.891816	0.000000	
645.021496	0.000000	
645.151175	0.000000	
645.280854	0.000000	
645.410533	0.000000	
645.540213	0.000000	
645.669892	0.000000	
645.799571	0.000000	
645.929251	0.000000	
646.058930	0.000000	
646.188609	0.000000	
646.318288	0.000000	
646.447968	0.000000	
646.577647	0.000000	
646.707326	0.000000	
646.837006	0.000000	
646.966685	0.000000	
647.096364	0.000000	
647.226043	0.000000	
647.355723	0.000000	
647.485402	0.000000	
647.615081	0.000000	
647.744761	0.000000	
647.874440	0.000000	
648.004119	0.000000	
648.133798	0.000000	
648.263478	0.000000	
648.393157	0.000000	
648.522836	0.000000	
648.652516	0.000000	
648.782195	0.000000	
648.911874	0.000000	
649.041553	0.000000	
649.171233	0.000000	
649.300912	0.000000	
649.430591	0.000000	
649.560271	0.000000	
649.689950	0.000000	
649.819629	0.000000	
649.949308	0.000000	
650.078988	0.000000	
650.208667	0.000000	
650.338346	0.000000	
650.468026	0.000000	
650.597705	0.000000	
650.727384	0.000000	
650.857063	0.000000	
650.986743	0.000000	
651.116422	0.000000	
651.246101	0.000000	
651.375781	0.000000	
651.505460	0.000000	
651.635139	0.000000	
651.764818	0.000000	
651.894498	0.000000	
652.024177	0.000000	
652.153856	0.000000	
652.283536	0.000000	
652.413215	0.000000	
652.542894	0.000000	
652.672573	0.000000	
652.802253	0.000000	
652.931932	0.000000	
653.061611	0.000000	
653.191291	0.000000	
653.320970	0.000000	
653.450649	0.000000	
653.580329	0.000000	
653.710008	0.000000	
653.839687	0.000000	
653.969366	0.000000	
654.099046	0.000000	
654.228725	0.000000	
654.358404	0.000000	
654.488084	0.000000	
654.617763	0.000000	
654.747442	0.000000	
654.877121	0.000000	
655.006801	0.000000	
655.136480	0.000000	
655.266159	0.000000	
655.395839	0.000000	
655.525518	0.000000	
655.655197	0.000000	
655.784876	0.000000	
655.914556	0.000000	
656.044235	0.000000	
656.173914	0.000000	
656.303594	0.000000	
656.433273	0.000000	
656.562952	0.000000	
656.692631	0.000000	
656.822311	0.000000	
656.951990	0.000000	
657.081669	0.000000	
657.211349	0.000000	
657.341028	0.000000	
657.470707	0.000000	
657.600386	0.000000	
657.730066	0.000000	
657.859745	0.000000	
657.989424	0.000000	
658.119104	0.000000	
658.248783	0.000000	
658.378462	0.000000	
658.508141	0.000000	
658.637821	0.000000	
658.767500	0.000000	
658.897179	0.000000	
659.026859	0.000000	
659.156538	0.000000	
659.286217	0.000000	
659.415896	0.000000	
659.545576	0.000000	
659.675255	0.000000	
659.804934	0.000000	
659.934614	0.000000	
660.064293	0.000000	
660.193972	0.000000	
660.323651	0.000000	
660.453331	0.000000	
660.583010	0.000000	
660.712689	0.000000	
660.842369	0.000000	
660.972048	0.000000	
661.101727	0.000000	
661.231406	0.000000	
661.361086	0.000000	
661.490765	0.000000	
661.620444	0.000000	
661.750124	0.000000	
661.879803	0.000000	
662.009482	0.000000	
662.139161	0.000000	
662.268841	0.000000	
662.398520	0.000000	
662.528199	0.000000	
662.657879	0.000000	
662.787558	0.000000	
662.917237	0.000000	
663.046916	0.000000	
663.176596	0.000000	
663.306275	0.000000	
663.435954	0.000000	
663.565634	0.000000	
663.695313	0.000000	
663.824992	0.000000	
663.954671	0.000000	
664.084351	0.000000	
664.214030	0.000000	
664.343709	0.000000	
664.473389	0.000000	
664.603068	0.000000	
664.732747	0.000000	
664.862426	0.000000	
664.992106	0.000000	
665.121785	0.000000	
665.251464	0.000000	
665.381144	0.000000	
665.510823	0.000000	
665.640502	0.000000	
665.770181	0.000000	
665.899861	0.000000	
666.029540	0.000000	
666.159219	0.000000	
666.288899	0.000000	
666.418578	0.000000	
666.548257	0.000000	
666.677936	0.000000	
666.807616	0.000000	
666.937295	0.000000	
667.066974	0.000000	
667.196654	0.000000	
667.326333	0.000000	
667.456012	0.000000	
667.585691	0.000000	
667.715371	0.000000	
667.845050	0.000000	
667.974729	0.000000	
668.104409	0.000000	
668.234088	0.000000	
668.363767	0.000000	
668.493446	0.000000	
668.623126	0.000000	
668.752805	0.000000	
668.882484	0.000000	
669.012164	0.000000	
669.141843	0.000000	
669.271522	0.000000	
669.401201	0.000000	
669.530881	0.000000	
669.660560	0.000000	
669.790239	0.000000	
669.919919	0.000000	
670.049598	0.000000	
670.179277	0.000000	
670.308956	0.000000	
670.438636	0.000000	
670.568315	0.000000	
670.697994	0.000000	
670.827674	0.000000	
670.957353	0.000000	
671.087032	0.000000	
671.216712	0.000000	
671.346391	0.000000	
671.476070	0.000000	
671.605749	0.000000	
671.735429	0.000000	
671.865108	0.000000	
671.994787	0.000000	
672.124467	0.000000	
672.254146	0.000000	
672.383825	0.000000	
672.513504	0.000000	
672.643184	0.000000	
672.772863	0.000000	
672.902542	0.000000	
673.032222	0.000000	
673.161901	0.000000	
673.291580	0.000000	
673.421259	0.000000	
673.550939	0.000000	
673.680618	0.000000	
673.810297	0.000000	
673.939977	0.000000	
674.069656	0.000000	
674.199335	0.000000	
674.329014	0.000000	
674.458694	0.000000	
674.588373	0.000000	
674.718052	0.000000	
674.847732	0.000000	
674.977411	0.000000	
675.107090	0.000000	
675.236769	0.000000	
675.366449	0.000000	
675.496128	0.000000	
675.625807	0.000000	
675.755487	0.000000	
675.885166	0.000000	
676.014845	0.000000	
676.144524	0.000000	
676.274204	0.000000	
676.403883	0.000000	
676.533562	0.000000	
676.663242	0.000000	
676.792921	0.000000	
676.922600	0.000000	
677.052279	0.000000	
677.181959	0.000000	
677.311638	0.000000	
677.441317	0.000000	
677.570997	0.000000	
677.700676	0.000000	
677.830355	0.000000	
677.960034	0.000000	
678.089714	0.000000	
678.219393	0.000000	
678.349072	0.000000	
678.478752	0.000000	
678.608431	0.000000	
678.738110	0.000000	
678.867789	0.000000	
678.997469	0.000000	
679.127148	0.000000	
679.256827	0.000000	
679.386507	0.000000	
679.516186	0.000000	
679.645865	0.000000	
679.775544	0.000000	
679.905224	0.000000	
680.034903	0.000000	
680.164582	0.000000	
680.294262	0.000000	
680.423941	0.000000	
680.553620	0.000000	
680.683299	0.000000	
680.812979	0.000000	
680.942658	0.000000	
681.072337	0.000000	
681.202017	0.000000	
681.331696	0.000000	
681.461375	0.000000	
681.591054	0.000000	
681.720734	0.000000	
681.850413	0.000000	
681.980092	0.000000	
682.109772	0.000000	
682.239451	0.000000	
682.369130	0.000000	
682.498809	0.000000	
682.628489	0.000000	
682.758168	0.000000	
682.887847	0.000000	
683.017527	0.000000	
683.147206	0.000000	
683.276885	0.000000	
683.406564	0.000000	
683.536244	0.000000	
683.665923	0.000000	
683.795602	0.000000	
683.925282	0.000000	
684.054961	0.000000	
684.184640	0.000000	
684.314319	0.000000	
684.443999	0.000000	
684.573678	0.000000	
684.703357	0.000000	
684.833037	0.000000	
684.962716	0.000000	
685.092395	0.000000	
685.222074	0.000000	
685.351754	0.000000	
685.481433	0.000000	
685.611112	0.000000	
685.740792	0.000000	
685.870471	0.000000	
686.000150	0.000000	
686.129829	0.000000	
686.259509	0.000000	
686.389188	0.000000	
686.518867	0.000000	
686.648547	0.000000	
686.778226	0.000000	
686.907905	0.000000	
687.037584	0.000000	
687.167264	0.000000	
687.296943	0.000000	
687.426622	0.000000	
687.556302	0.000000	
687.685981	0.000000	
687.815660	0.000000	
687.945339	0.000000	
688.075019	0.000000	
688.204698	0.000000	
688.334377	0.000000	
688.464057	0.000000	
688.593736	0.000000	
688.723415	0.000000	
688.853095	0.000000	
688.982774	0.000000	
689.112453	0.000000	
689.242132	0.000000	
689.371812	0.000000	
689.501491	0.000000	
689.631170	0.000000	
689.760850	0.000000	
689.890529	0.000000	
690.020208	0.000000	
690.149887	0.000000	
690.279567	0.000000	
690.409246	0.000000	
690.538925	0.000000	
690.668605	0.000000	
690.798284	0.000000	
690.927963	0.000000	
691.057642	0.000000	
691.187322	0.000000	
691.317001	0.000000	
691.446680	0.000000	
691.576360	0.000000	
691.706039	0.000000	
691.835718	0.000000	
691.965397	0.000000	
692.095077	0.000000	
692.224756	0.000000	
692.354435	0.000000	
692.484115	0.000000	
692.613794	0.000000	
692.743473	0.000000	
692.873152	0.000000	
693.002832	0.000000	
693.132511	0.000000	
693.262190	0.000000	
693.391870	0.000000	
693.521549	0.000000	
693.651228	0.000000	
693.780907	0.000000	
693.910587	0.000000	
694.040266	0.000000	
694.169945	0.000000	
694.299625	0.000000	
694.429304	0.000000	
694.558983	0.000000	
694.688662	0.000000	
694.818342	0.000000	
694.948021	0.000000	
695.077700	0.000000	
695.207380	0.000000	
695.337059	0.000000	
695.466738	0.000000	
695.596417	0.000000	
695.726097	0.000000	
695.855776	0.000000	
695.985455	0.000000	
696.115135	0.000000	
696.244814	0.000000	
696.374493	0.000000	
696.504172	0.000000	
696.633852	0.000000	
696.763531	0.000000	
696.893210	0.000000	
697.022890	0.000000	
697.152569	0.000000	
697.282248	0.000000	
697.411927	0.000000	
697.541607	0.000000	
697.671286	0.000000	
697.800965	0.000000	
697.930645	0.000000	
698.060324	0.000000	
698.190003	0.000000	
698.319682	0.000000	
698.449362	0.000000	
698.579041	0.000000	
698.708720	0.000000	
698.838400	0.000000	
698.968079	0.000000	
699.097758	0.000000	
699.227437	0.000000	
699.357117	0.000000	
699.486796	0.000000	
699.616475	0.000000	
699.746155	0.000000	
699.875834	0.000000	
700.005513	0.000000	
700.135192	0.000000	
700.264872	0.000000	
700.394551	0.000000	
700.524230	0.000000	
700.653910	0.000000	
700.783589	0.000000	
700.913268	0.000000	
701.042947	0.000000	
701.172627	0.000000	
701.302306	0.000000	
701.431985	0.000000	
701.561665	0.000000	
701.691344	0.000000	
701.821023	0.000000	
701.950702	0.000000	
702.080382	0.000000	
702.210061	0.000000	
702.339740	0.000000	
702.469420	0.000000	
702.599099	0.000000	
702.728778	0.000000	
702.858457	0.000000	
702.988137	0.000000	
703.117816	0.000000	
703.247495	0.000000	
703.377175	0.000000	
703.506854	0.000000	
703.636533	0.000000	
703.766212	0.000000	
703.895892	0.000000	
704.025571	0.000000	
704.155250	0.000000	
704.284930	0.000000	
704.414609	0.000000	
704.544288	0.000000	
704.673967	0.000000	
704.803647	0.000000	
704.933326	0.000000	
705.063005	0.000000	
705.192685	0.000000	
705.322364	0.000000	
705.452043	0.000000	
705.581722	0.000000	
705.711402	0.000000	
705.841081	0.000000	
705.970760	0.000000	
706.100440	0.000000	
706.230119	0.000000	
706.359798	0.000000	
706.489478	0.000000	
706.619157	0.000000	
706.748836	0.000000	
706.878515	0.000000	
707.008195	0.000000	
707.137874	0.000000	
707.267553	0.000000	
707.397233	0.000000	
707.526912	0.000000	
707.656591	0.000000	
707.786270	0.000000	
707.915950	0.000000	
708.045629	0.000000	
708.175308	0.000000	
708.304988	0.000000	
708.434667	0.000000	
708.564346	0.000000	
708.694025	0.000000	
708.823705	0.000000	
708.953384	0.000000	
709.083063	0.000000	
709.212743	0.000000	
709.342422	0.000000	
709.472101	0.000000	
709.601780	0.000000	
709.731460	0.000000	
709.861139	0.000000	
709.990818	0.000000	
710.120498	0.000000	
710.250177	0.000000	
710.379856	0.000000	
710.509535	0.000000	
710.639215	0.000000	
710.768894	0.000000	
710.898573	0.000000	
711.028253	0.000000	
711.157932	0.000000	
711.287611	0.000000	
711.417290	0.000000	
711.546970	0.000000	
711.676649	0.000000	
711.806328	0.000000	
711.936008	0.000000	
712.065687	0.000000	
712.195366	0.000000	
712.325045	0.000000	
712.454725	0.000000	
712.584404	0.000000	
712.714083	0.000000	
712.843763	0.000000	
712.973442	0.000000	
713.103121	0.000000	
713.232800	0.000000	
713.362480	0.000000	
713.492159	0.000000	
713.621838	0.000000	
713.751518	0.000000	
713.881197	0.000000	
714.010876	0.000000	
714.140555	0.000000	
714.270235	0.000000	
714.399914	0.000000	
714.529593	0.000000	
714.659273	0.000000	
714.788952	0.000000	
714.918631	0.000000	
715.048310	0.000000	
715.177990	0.000000	
715.307669	0.000000	
715.437348	0.000000	
715.567028	0.000000	
715.696707	0.000000	
715.826386	0.000000	
715.956065	0.000000	
716.085745	0.000000	
716.215424	0.000000	
716.345103	0.000000	
716.474783	0.000000	
716.604462	0.000000	
716.734141	0.000000	
716.863820	0.000000	
716.993500	0.000000	
717.123179	0.000000	
717.252858	0.000000	
717.382538	0.000000	
717.512217	0.000000	
717.641896	0.000000	
717.771575	0.000000	
717.901255	0.000000	
718.030934	0.000000	
718.160613	0.000000	
718.290293	0.000000	
718.419972	0.000000	
718.549651	0.000000	
718.679330	0.000000	
718.809010	0.000000	
718.938689	0.000000	
719.068368	0.000000	
719.198048	0.000000	
719.327727	0.000000	
719.457406	0.000000	
719.587085	0.000000	
719.716765	0.000000	
719.846444	0.000000	
719.976123	0.000000	
720.105803	0.000000	
720.235482	0.000000	
720.365161	0.000000	
720.494840	0.000000	
720.624520	0.000000	
720.754199	0.000000	
720.883878	0.000000	
721.013558	0.000000	
721.143237	0.000000	
721.272916	0.000000	
721.402595	0.000000	
721.532275	0.000000	
721.661954	0.000000	
721.791633	0.000000	
721.921313	0.000000	
722.050992	0.000000	
722.180671	0.000000	
722.310350	0.000000	
722.440030	0.000000	
722.569709	0.000000	
722.699388	0.000000	
722.829068	0.000000	
722.958747	0.000000	
723.088426	0.000000	
723.218105	0.000000	
723.347785	0.000000	
723.477464	0.000000	
723.607143	0.000000	
723.736823	0.000000	
723.866502	0.000000	
723.996181	0.000000	
724.125861	0.000000	
724.255540	0.000000	
724.385219	0.000000	
724.514898	0.000000	
724.644578	0.000000	
724.774257	0.000000	
724.903936	0.000000	
725.033616	0.000000	
725.163295	0.000000	
725.292974	0.000000	
725.422653	0.000000	
725.552333	0.000000	
725.682012	0.000000	
725.811691	0.000000	
725.941371	0.000000	
726.071050	0.000000	
726.200729	0.000000	
726.330408	0.000000	
726.460088	0.000000	
726.589767	0.000000	
726.719446	0.000000	
726.849126	0.000000	
726.978805	0.000000	
727.108484	0.000000	
727.238163	0.000000	
727.367843	0.000000	
727.497522	0.000000	
727.627201	0.000000	
727.756881	0.000000	
727.886560	0.000000	
728.016239	0.000000	
728.145918	0.000000	
728.275598	0.000000	
728.405277	0.000000	
728.534956	0.000000	
728.664636	0.000000	
728.794315	0.000000	
728.923994	0.000000	
729.053673	0.000000	
729.183353	0.000000	
729.313032	0.000000	
729.442711	0.000000	
729.572391	0.000000	
729.702070	0.000000	
729.831749	0.000000	
729.961428	0.000000	
730.091108	0.000000	
730.220787	0.000000	
730.350466	0.000000	
730.480146	0.000000	
730.609825	0.000000	
730.739504	0.000000	
730.869183	0.000000	
730.998863	0.000000	
731.128542	0.000000	
731.258221	0.000000	
731.387901	0.000000	
731.517580	0.000000	
731.647259	0.000000	
731.776938	0.000000	
731.906618	0.000000	
732.036297	0.000000	
732.165976	0.000000	
732.295656	0.000000	
732.425335	0.000000	
732.555014	0.000000	
732.684693	0.000000	
732.814373	0.000000	
