CCD1D200309_150718_x	CCD1D200309_150718_y517.335754	5781.000000
517.465454	5798.000000
517.595093	5782.000000
517.724792	5731.000000
517.854492	5792.000000
517.984131	5755.000000
518.113831	5725.000000
518.243530	5806.000000
518.373230	5715.000000
518.502869	5714.000000
518.632568	5785.000000
518.762268	5693.000000
518.891907	5726.000000
519.021606	5743.000000
519.151306	5727.000000
519.280945	5744.000000
519.410645	5681.000000
519.540344	5774.000000
519.669983	5720.000000
519.799683	5767.000000
519.929382	5772.000000
520.059021	5765.000000
520.188721	5767.000000
520.318420	5750.000000
520.448059	5719.000000
520.577759	5744.000000
520.707458	5788.000000
520.837097	5768.000000
520.966797	5741.000000
521.096497	5716.000000
521.226135	5783.000000
521.355835	5825.000000
521.485535	5687.000000
521.615173	5748.000000
521.744873	5756.000000
521.874573	5815.000000
522.004272	5828.000000
522.133911	5786.000000
522.263611	5817.000000
522.393311	5835.000000
522.522949	5753.000000
522.652649	5806.000000
522.782349	5840.000000
522.911987	5917.000000
523.041687	5781.000000
523.171387	5866.000000
523.301025	5908.000000
523.430725	5887.000000
523.560425	5887.000000
523.690063	5883.000000
523.819763	5888.000000
523.949463	5852.000000
524.079102	5967.000000
524.208801	5953.000000
524.338501	5970.000000
524.468140	5933.000000
524.597839	5866.000000
524.727539	6028.000000
524.857178	6006.000000
524.986877	5989.000000
525.116577	5944.000000
525.246277	6069.000000
525.375916	6018.000000
525.505615	6011.000000
525.635315	6026.000000
525.764954	5962.000000
525.894653	5990.000000
526.024353	5985.000000
526.153992	6063.000000
526.283691	6012.000000
526.413391	6005.000000
526.543030	6060.000000
526.672729	6125.000000
526.802429	6015.000000
526.932068	6045.000000
527.061768	6070.000000
527.191467	6109.000000
527.321106	6058.000000
527.450806	6081.000000
527.580505	6029.000000
527.710144	5986.000000
527.839844	6046.000000
527.969543	5998.000000
528.099182	6031.000000
528.228882	6020.000000
528.358582	5984.000000
528.488220	6017.000000
528.617920	5934.000000
528.747620	5937.000000
528.877319	6018.000000
529.006958	5874.000000
529.136658	5944.000000
529.266357	5956.000000
529.395996	5969.000000
529.525696	5902.000000
529.655396	5932.000000
529.785034	5938.000000
529.914734	5929.000000
530.044434	5922.000000
530.174072	5774.000000
530.303772	5849.000000
530.433472	5848.000000
530.563110	5842.000000
530.692810	5833.000000
530.822510	5825.000000
530.952148	5872.000000
531.081848	5851.000000
531.211548	5847.000000
531.341187	5781.000000
531.470886	5851.000000
531.600586	5795.000000
531.730225	5795.000000
531.859924	5763.000000
531.989624	5730.000000
532.119324	5796.000000
532.248962	5739.000000
532.378662	5777.000000
532.508362	5725.000000
532.638000	5687.000000
532.767700	5705.000000
532.897400	5752.000000
533.027039	5722.000000
533.156738	5738.000000
533.286438	5763.000000
533.416077	5749.000000
533.545776	5683.000000
533.675476	5717.000000
533.805115	5658.000000
533.934814	5683.000000
534.064514	5648.000000
534.194153	5708.000000
534.323853	5597.000000
534.453552	5680.000000
534.583191	5626.000000
534.712891	5701.000000
534.842590	5735.000000
534.972229	5735.000000
535.101929	5625.000000
535.231628	5615.000000
535.361267	5540.000000
535.490967	5607.000000
535.620667	5587.000000
535.750366	5614.000000
535.880005	5639.000000
536.009705	5622.000000
536.139404	5682.000000
536.269043	5607.000000
536.398743	5585.000000
536.528442	5608.000000
536.658081	5604.000000
536.787781	5617.000000
536.917480	5627.000000
537.047119	5591.000000
537.176819	5642.000000
537.306519	5654.000000
537.436157	5537.000000
537.565857	5485.000000
537.695557	5540.000000
537.825195	5536.000000
537.954895	5543.000000
538.084595	5554.000000
538.214233	5569.000000
538.343933	5527.000000
538.473633	5559.000000
538.603271	5494.000000
538.732971	5540.000000
538.862671	5500.000000
538.992371	5473.000000
539.122009	5520.000000
539.251709	5457.000000
539.381409	5519.000000
539.511047	5474.000000
539.640747	5479.000000
539.770447	5496.000000
539.900085	5483.000000
540.029785	5527.000000
540.159485	5565.000000
540.289124	5470.000000
540.418823	5470.000000
540.548523	5437.000000
540.678162	5505.000000
540.807861	5450.000000
540.937561	5434.000000
541.067200	5476.000000
541.196899	5436.000000
541.326599	5436.000000
541.456238	5440.000000
541.585937	5425.000000
541.715637	5445.000000
541.845276	5350.000000
541.974976	5405.000000
542.104675	5400.000000
542.234314	5325.000000
542.364014	5394.000000
542.493713	5299.000000
542.623413	5333.000000
542.753052	5313.000000
542.882751	5293.000000
543.012451	5265.000000
543.142090	5242.000000
543.271790	5289.000000
543.401489	5209.000000
543.531128	5224.000000
543.660828	5221.000000
543.790527	5266.000000
543.920166	5195.000000
544.049866	5192.000000
544.179565	5215.000000
544.309204	5284.000000
544.438904	5216.000000
544.568604	5130.000000
544.698242	5232.000000
544.827942	5250.000000
544.957642	5221.000000
545.087280	5207.000000
545.216980	5196.000000
545.346680	5216.000000
545.476318	5178.000000
545.606018	5203.000000
545.735718	5209.000000
545.865417	5148.000000
545.995056	5121.000000
546.124756	5196.000000
546.254456	5159.000000
546.384094	5130.000000
546.513794	5167.000000
546.643494	5108.000000
546.773132	5121.000000
546.902832	5129.000000
547.032532	5105.000000
547.162170	5161.000000
547.291870	5134.000000
547.421570	5097.000000
547.551208	5165.000000
547.680908	5092.000000
547.810608	5140.000000
547.940247	5173.000000
548.069946	5098.000000
548.199646	5171.000000
548.329285	5153.000000
548.458984	5065.000000
548.588684	5090.000000
548.718323	5103.000000
548.848022	5065.000000
548.977722	5130.000000
549.107361	5121.000000
549.237061	5129.000000
549.366760	5105.000000
549.496460	5017.000000
549.626099	5089.000000
549.755798	5140.000000
549.885498	5124.000000
550.015137	5095.000000
550.144836	5065.000000
550.274536	5113.000000
550.404175	5132.000000
550.533875	5079.000000
550.663574	5134.000000
550.793213	5081.000000
550.922913	5141.000000
551.052612	5125.000000
551.182251	5131.000000
551.311951	5075.000000
551.441650	5145.000000
551.571289	5074.000000
551.700989	4981.000000
551.830688	5034.000000
551.960327	5043.000000
552.090027	5084.000000
552.219727	5090.000000
552.349365	5079.000000
552.479065	5070.000000
552.608765	5043.000000
552.738464	5054.000000
552.868103	5003.000000
552.997803	5127.000000
553.127502	5069.000000
553.257141	5083.000000
553.386841	5144.000000
553.516541	5106.000000
553.646179	5127.000000
553.775879	5030.000000
553.905579	5087.000000
554.035217	5065.000000
554.164917	5074.000000
554.294617	5100.000000
554.424255	5074.000000
554.553955	5068.000000
554.683655	5046.000000
554.813293	5087.000000
554.942993	5011.000000
555.072693	5088.000000
555.202332	5047.000000
555.332031	5001.000000
555.461731	5113.000000
555.591370	5017.000000
555.721069	5043.000000
555.850769	5086.000000
555.980408	5035.000000
556.110107	4991.000000
556.239807	4988.000000
556.369507	5047.000000
556.499146	4995.000000
556.628845	5019.000000
556.758545	4999.000000
556.888184	5028.000000
557.017883	4958.000000
557.147583	4964.000000
557.277222	4975.000000
557.406921	4988.000000
557.536621	4931.000000
557.666260	4934.000000
557.795959	5016.000000
557.925659	5013.000000
558.055298	4998.000000
558.184998	4987.000000
558.314697	5028.000000
558.444336	4961.000000
558.574036	5002.000000
558.703735	5025.000000
558.833374	4962.000000
558.963074	5003.000000
559.092773	4968.000000
559.222412	4941.000000
559.352112	4985.000000
559.481812	4943.000000
559.611450	4933.000000
559.741150	4989.000000
559.870850	5046.000000
560.000549	4919.000000
560.130188	4976.000000
560.259888	5005.000000
560.389587	4993.000000
560.519226	4921.000000
560.648926	5049.000000
560.778625	4960.000000
560.908264	4963.000000
561.037964	4969.000000
561.167664	4947.000000
561.297302	4977.000000
561.427002	4909.000000
561.556702	4981.000000
561.686340	4984.000000
561.816040	4926.000000
561.945740	4930.000000
562.075378	4954.000000
562.205078	4953.000000
562.334778	4907.000000
562.464417	5021.000000
562.594116	4945.000000
562.723816	4928.000000
562.853455	4953.000000
562.983154	4913.000000
563.112854	4891.000000
563.242554	4963.000000
563.372192	4910.000000
563.501892	4907.000000
563.631592	4925.000000
563.761230	4888.000000
563.890930	4899.000000
564.020630	4947.000000
564.150269	4879.000000
564.279968	4981.000000
564.409668	4993.000000
564.539307	4912.000000
564.669006	4913.000000
564.798706	4974.000000
564.928345	4893.000000
565.058044	4981.000000
565.187744	4954.000000
565.317383	5009.000000
565.447083	4921.000000
565.576782	4926.000000
565.706421	4975.000000
565.836121	4991.000000
565.965820	4910.000000
566.095459	4892.000000
566.225159	4959.000000
566.354858	4947.000000
566.484497	4942.000000
566.614197	4923.000000
566.743896	4941.000000
566.873596	4923.000000
567.003235	5005.000000
567.132935	4906.000000
567.262634	4923.000000
567.392273	4908.000000
567.521973	4946.000000
567.651672	4921.000000
567.781311	4937.000000
567.911011	4943.000000
568.040710	4933.000000
568.170349	4901.000000
568.300049	4901.000000
568.429749	4782.000000
568.559387	4905.000000
568.689087	4937.000000
568.818787	4870.000000
568.948425	4953.000000
569.078125	4898.000000
569.207825	4868.000000
569.337463	4880.000000
569.467163	4850.000000
569.596863	4874.000000
569.726501	4911.000000
569.856201	4833.000000
569.985901	4843.000000
570.115601	4875.000000
570.245239	4868.000000
570.374939	4823.000000
570.504639	4821.000000
570.634277	4792.000000
570.763977	4766.000000
570.893677	4815.000000
571.023315	4852.000000
571.153015	4848.000000
571.282715	4772.000000
571.412354	4815.000000
571.542053	4750.000000
571.671753	4820.000000
571.801392	4798.000000
571.931091	4800.000000
572.060791	4744.000000
572.190430	4831.000000
572.320129	4773.000000
572.449829	4775.000000
572.579468	4737.000000
572.709167	4732.000000
572.838867	4776.000000
572.968506	4731.000000
573.098206	4792.000000
573.227905	4768.000000
573.357544	4775.000000
573.487244	4785.000000
573.616943	4801.000000
573.746643	4750.000000
573.876282	4742.000000
574.005981	4751.000000
574.135681	4729.000000
574.265320	4711.000000
574.395020	4717.000000
574.524719	4678.000000
574.654358	4770.000000
574.784058	4754.000000
574.913757	4755.000000
575.043396	4775.000000
575.173096	4714.000000
575.302795	4764.000000
575.432434	4763.000000
575.562134	4763.000000
575.691833	4748.000000
575.821472	4755.000000
575.951172	4753.000000
576.080872	4690.000000
576.210510	4724.000000
576.340210	4790.000000
576.469910	4779.000000
576.599548	4735.000000
576.729248	4763.000000
576.858948	4838.000000
576.988647	4829.000000
577.118286	4704.000000
577.247986	4712.000000
577.377686	4793.000000
577.507324	4731.000000
577.637024	4830.000000
577.766724	4758.000000
577.896362	4781.000000
578.026062	4778.000000
578.155762	4749.000000
578.285400	4817.000000
578.415100	4765.000000
578.544800	4777.000000
578.674438	4715.000000
578.804138	4763.000000
578.933838	4732.000000
579.063477	4768.000000
579.193176	4807.000000
579.322876	4761.000000
579.452515	4840.000000
579.582214	4817.000000
579.711914	4757.000000
579.841553	4751.000000
579.971252	4777.000000
580.100952	4825.000000
580.230591	4867.000000
580.360291	4748.000000
580.489990	4812.000000
580.619690	4897.000000
580.749329	4826.000000
580.879028	4840.000000
581.008728	4815.000000
581.138367	4861.000000
581.268066	4853.000000
581.397766	4884.000000
581.527405	4837.000000
581.657104	4899.000000
581.786804	4837.000000
581.916443	4860.000000
582.046143	4870.000000
582.175842	4852.000000
582.305481	4881.000000
582.435181	4881.000000
582.564880	4916.000000
582.694519	4814.000000
582.824219	4866.000000
582.953918	4864.000000
583.083557	4889.000000
583.213257	4810.000000
583.342957	4900.000000
583.472595	4951.000000
583.602295	4920.000000
583.731995	4858.000000
583.861694	4912.000000
583.991333	4860.000000
584.121033	4850.000000
584.250732	4903.000000
584.380371	4905.000000
584.510071	4846.000000
584.639771	4894.000000
584.769409	4883.000000
584.899109	4913.000000
585.028809	4893.000000
585.158447	4953.000000
585.288147	4869.000000
585.417847	4871.000000
585.547485	4866.000000
585.677185	4890.000000
585.806885	4935.000000
585.936523	4927.000000
586.066223	4932.000000
586.195923	4897.000000
586.325562	4954.000000
586.455261	4925.000000
586.584961	4884.000000
586.714600	4947.000000
586.844299	4939.000000
586.973999	4948.000000
587.103638	4929.000000
587.233337	4990.000000
587.363037	4984.000000
587.492737	4969.000000
587.622375	5026.000000
587.752075	4980.000000
587.881775	4987.000000
588.011414	4955.000000
588.141113	4943.000000
588.270813	5016.000000
588.400452	4970.000000
588.530151	4967.000000
588.659851	4982.000000
588.789490	5019.000000
588.919189	4968.000000
589.048889	4962.000000
589.178528	4996.000000
589.308228	4997.000000
589.437927	4975.000000
589.567566	5032.000000
589.697266	5011.000000
589.826965	5018.000000
589.956604	4984.000000
590.086304	5003.000000
590.216003	5045.000000
590.345642	5037.000000
590.475342	5014.000000
590.605042	5100.000000
590.734741	5051.000000
590.864380	5037.000000
590.994080	5081.000000
591.123779	5082.000000
591.253418	5074.000000
591.383118	5133.000000
591.512817	5033.000000
591.642456	5039.000000
591.772156	5064.000000
591.901855	5021.000000
592.031494	5087.000000
592.161194	5085.000000
592.290894	5111.000000
592.420532	5096.000000
592.550232	5118.000000
592.679932	5083.000000
592.809570	5117.000000
592.939270	5138.000000
593.068970	5132.000000
593.198608	5115.000000
593.328308	5056.000000
593.458008	5113.000000
593.587646	5142.000000
593.717346	5099.000000
593.847046	5060.000000
593.976685	5149.000000
594.106384	5192.000000
594.236084	5157.000000
594.365784	5136.000000
594.495422	5190.000000
594.625122	5167.000000
594.754822	5113.000000
594.884460	5067.000000
595.014160	5081.000000
595.143860	5157.000000
595.273499	5175.000000
595.403198	5110.000000
595.532898	5173.000000
595.662537	5166.000000
595.792236	5118.000000
595.921936	5187.000000
596.051575	5158.000000
596.181274	5174.000000
596.310974	5142.000000
596.440613	5258.000000
596.570312	5250.000000
596.700012	5184.000000
596.829651	5217.000000
596.959351	5248.000000
597.089050	5247.000000
597.218689	5148.000000
597.348389	5232.000000
597.478088	5241.000000
597.607788	5218.000000
597.737427	5232.000000
597.867126	5234.000000
597.996826	5153.000000
598.126465	5235.000000
598.256165	5249.000000
598.385864	5202.000000
598.515503	5176.000000
598.645203	5162.000000
598.774902	5157.000000
598.904541	5183.000000
599.034241	5176.000000
599.163940	5167.000000
599.293579	5198.000000
599.423279	5182.000000
599.552979	5238.000000
599.682617	5200.000000
599.812317	5200.000000
599.942017	5261.000000
600.071655	5267.000000
600.201355	5240.000000
600.331055	5184.000000
600.460693	5271.000000
600.590393	5247.000000
600.720093	5231.000000
600.849731	5274.000000
600.979431	5258.000000
601.109131	5279.000000
601.238831	5288.000000
601.368469	5254.000000
601.498169	5289.000000
601.627869	5221.000000
601.757507	5281.000000
601.887207	5242.000000
602.016907	5290.000000
602.146545	5347.000000
602.276245	5389.000000
602.405945	5281.000000
602.535583	5263.000000
602.665283	5270.000000
602.794983	5244.000000
602.924622	5229.000000
603.054321	5333.000000
603.184021	5260.000000
603.313660	5265.000000
603.443359	5247.000000
603.573059	5244.000000
603.702698	5237.000000
603.832397	5286.000000
603.962097	5281.000000
604.091736	5316.000000
604.221436	5338.000000
604.351135	5296.000000
604.480774	5342.000000
604.610474	5375.000000
604.740173	5284.000000
604.869873	5352.000000
604.999512	5361.000000
605.129211	5371.000000
605.258911	5402.000000
605.388550	5413.000000
605.518250	5366.000000
605.647949	5449.000000
605.777588	5373.000000
605.907288	5413.000000
606.036987	5436.000000
606.166626	5352.000000
606.296326	5403.000000
606.426025	5416.000000
606.555664	5439.000000
606.685364	5496.000000
606.815063	5430.000000
606.944702	5498.000000
607.074402	5459.000000
607.204102	5454.000000
607.333740	5489.000000
607.463440	5458.000000
607.593140	5459.000000
607.722778	5540.000000
607.852478	5494.000000
607.982178	5495.000000
608.111877	5463.000000
608.241516	5510.000000
608.371216	5449.000000
608.500916	5518.000000
608.630554	5519.000000
608.760254	5600.000000
608.889954	5522.000000
609.019592	5595.000000
609.149292	5578.000000
609.278992	5552.000000
609.408630	5566.000000
609.538330	5516.000000
609.668030	5568.000000
609.797668	5546.000000
609.927368	5654.000000
610.057068	5615.000000
610.186707	5611.000000
610.316406	5671.000000
610.446106	5615.000000
610.575745	5671.000000
610.705444	5682.000000
610.835144	5674.000000
610.964783	5717.000000
611.094482	5723.000000
611.224182	5692.000000
611.353821	5701.000000
611.483521	5674.000000
611.613220	5688.000000
611.742920	5742.000000
611.872559	5756.000000
612.002258	5713.000000
612.131958	5745.000000
612.261597	5732.000000
612.391296	5725.000000
612.520996	5675.000000
612.650635	5713.000000
612.780334	5745.000000
612.910034	5767.000000
613.039673	5845.000000
613.169373	5837.000000
613.299072	5830.000000
613.428711	5847.000000
613.558411	5803.000000
613.688110	5812.000000
613.817749	5816.000000
613.947449	5822.000000
614.077148	5761.000000
614.206787	5810.000000
614.336487	5861.000000
614.466187	5823.000000
614.595825	5831.000000
614.725525	5823.000000
614.855225	5843.000000
614.984924	5913.000000
615.114563	5790.000000
615.244263	5896.000000
615.373962	5837.000000
615.503601	5892.000000
615.633301	5915.000000
615.763000	5930.000000
615.892639	5898.000000
616.022339	5882.000000
616.152039	5879.000000
616.281677	5902.000000
616.411377	5809.000000
616.541077	5868.000000
616.670715	5943.000000
616.800415	5917.000000
616.930115	5965.000000
617.059753	5939.000000
617.189453	5988.000000
617.319153	5940.000000
617.448792	5962.000000
617.578491	5992.000000
617.708191	6009.000000
617.837830	5948.000000
617.967529	6016.000000
618.097229	5975.000000
618.226868	5985.000000
618.356567	6007.000000
618.486267	6049.000000
618.615967	5949.000000
618.745605	6085.000000
618.875305	6000.000000
619.005005	6057.000000
619.134644	6015.000000
619.264343	6006.000000
619.394043	6059.000000
619.523682	6051.000000
619.653381	6020.000000
619.783081	6009.000000
619.912720	6045.000000
620.042419	6036.000000
620.172119	6119.000000
620.301758	6137.000000
620.431458	6103.000000
620.561157	6083.000000
620.690796	6124.000000
620.820496	6126.000000
620.950195	6055.000000
621.079834	6164.000000
621.209534	6160.000000
621.339233	6135.000000
621.468872	6142.000000
621.598572	6070.000000
621.728271	6132.000000
621.857971	6114.000000
621.987610	6127.000000
622.117310	6142.000000
622.247009	6162.000000
622.376648	6272.000000
622.506348	6195.000000
622.636047	6195.000000
622.765686	6153.000000
622.895386	6169.000000
623.025085	6235.000000
623.154724	6178.000000
623.284424	6160.000000
623.414124	6171.000000
623.543762	6234.000000
623.673462	6197.000000
623.803162	6156.000000
623.932800	6195.000000
624.062500	6208.000000
624.192200	6281.000000
624.321838	6209.000000
624.451538	6234.000000
624.581238	6231.000000
624.710876	6218.000000
624.840576	6297.000000
624.970276	6337.000000
625.099915	6243.000000
625.229614	6220.000000
625.359314	6339.000000
625.489014	6330.000000
625.618652	6287.000000
625.748352	6347.000000
625.878052	6290.000000
626.007690	6259.000000
626.137390	6334.000000
626.267090	6367.000000
626.396729	6319.000000
626.526428	6356.000000
626.656128	6393.000000
626.785767	6336.000000
626.915466	6317.000000
627.045166	6384.000000
627.174805	6382.000000
627.304504	6395.000000
627.434204	6473.000000
627.563843	6513.000000
627.693542	6397.000000
627.823242	6396.000000
627.952881	6493.000000
628.082581	6430.000000
628.212280	6450.000000
628.341919	6456.000000
628.471619	6448.000000
628.601318	6412.000000
628.731018	6419.000000
628.860657	6457.000000
628.990356	6429.000000
629.120056	6470.000000
629.249695	6444.000000
629.379395	6421.000000
629.509094	6494.000000
629.638733	6569.000000
629.768433	6546.000000
629.898132	6558.000000
630.027771	6546.000000
630.157471	6612.000000
630.287170	6528.000000
630.416809	6469.000000
630.546509	6550.000000
630.676208	6563.000000
630.805847	6509.000000
630.935547	6541.000000
631.065247	6555.000000
631.194885	6544.000000
631.324585	6617.000000
631.454285	6546.000000
631.583923	6488.000000
631.713623	6568.000000
631.843323	6632.000000
631.972961	6591.000000
632.102661	6649.000000
632.232361	6644.000000
632.362061	6558.000000
632.491699	6571.000000
632.621399	6606.000000
632.751099	6673.000000
632.880737	6617.000000
633.010437	6619.000000
633.140137	6640.000000
633.269775	6639.000000
633.399475	6559.000000
633.529175	6503.000000
633.658813	6581.000000
633.788513	6590.000000
633.918213	6587.000000
634.047852	6616.000000
634.177551	6561.000000
634.307251	6635.000000
634.436890	6688.000000
634.566589	6600.000000
634.696289	6565.000000
634.825928	6688.000000
634.955627	6637.000000
635.085327	6689.000000
635.214966	6600.000000
635.344666	6588.000000
635.474365	6645.000000
635.604065	6607.000000
635.733704	6706.000000
635.863403	6654.000000
635.993103	6639.000000
636.122742	6732.000000
636.252441	6694.000000
636.382141	6663.000000
636.511780	6625.000000
636.641479	6720.000000
636.771179	6607.000000
636.900818	6673.000000
637.030518	6727.000000
637.160217	6629.000000
637.289856	6655.000000
637.419556	6593.000000
637.549255	6660.000000
637.678894	6729.000000
637.808594	6713.000000
637.938293	6689.000000
638.067932	6712.000000
638.197632	6626.000000
638.327332	6711.000000
638.456970	6681.000000
638.586670	6677.000000
638.716370	6684.000000
638.846008	6691.000000
638.975708	6756.000000
639.105408	6661.000000
639.235107	6748.000000
639.364746	6653.000000
639.494446	6676.000000
639.624146	6733.000000
639.753784	6704.000000
639.883484	6712.000000
640.013184	6705.000000
640.142822	6687.000000
640.272522	6795.000000
640.402222	6694.000000
640.531860	6734.000000
640.661560	6832.000000
640.791260	6821.000000
640.920898	6748.000000
641.050598	6806.000000
641.180298	6787.000000
641.309937	6755.000000
641.439636	6799.000000
641.569336	6821.000000
641.698975	6726.000000
641.828674	6710.000000
641.958374	6709.000000
642.088013	6807.000000
642.217712	6786.000000
642.347412	6800.000000
642.477112	6769.000000
642.606750	6785.000000
642.736450	6784.000000
642.866150	6787.000000
642.995789	6829.000000
643.125488	6846.000000
643.255188	6790.000000
643.384827	6805.000000
643.514526	6785.000000
643.644226	6826.000000
643.773865	6841.000000
643.903564	6822.000000
644.033264	6846.000000
644.162903	6755.000000
644.292603	6788.000000
644.422302	6817.000000
644.551941	6855.000000
644.681641	6854.000000
644.811340	6839.000000
644.940979	6858.000000
645.070679	6877.000000
645.200378	6817.000000
645.330017	6837.000000
645.459717	6932.000000
645.589417	6840.000000
645.719055	6913.000000
645.848755	6887.000000
645.978455	6898.000000
646.108154	6934.000000
646.237793	6883.000000
646.367493	6878.000000
646.497192	6862.000000
646.626831	6876.000000
646.756531	6817.000000
646.886230	6844.000000
647.015869	6758.000000
647.145569	6905.000000
647.275269	6899.000000
647.404907	6921.000000
647.534607	6878.000000
647.664307	6900.000000
647.793945	6841.000000
647.923645	6816.000000
648.053345	6893.000000
648.182983	6788.000000
648.312683	6856.000000
648.442383	6802.000000
648.572021	6740.000000
648.701721	6897.000000
648.831421	6897.000000
648.961060	6852.000000
649.090759	6864.000000
649.220459	6900.000000
649.350098	6913.000000
649.479797	6898.000000
649.609497	6917.000000
649.739197	6914.000000
649.868835	6986.000000
649.998535	7055.000000
650.128235	6979.000000
650.257874	6938.000000
650.387573	6861.000000
650.517273	6936.000000
650.646912	6988.000000
650.776611	6903.000000
650.906311	6834.000000
651.035950	6959.000000
651.165649	6905.000000
651.295349	6887.000000
651.424988	6924.000000
651.554687	6887.000000
651.684387	6918.000000
651.814026	6995.000000
651.943726	6870.000000
652.073425	6950.000000
652.203064	6888.000000
652.332764	6951.000000
652.462463	6902.000000
652.592102	6912.000000
652.721802	6881.000000
652.851501	6915.000000
652.981201	6930.000000
653.110840	6968.000000
653.240540	6989.000000
653.370239	7068.000000
653.499878	6996.000000
653.629578	7043.000000
653.759277	6957.000000
653.888916	7050.000000
654.018616	7022.000000
654.148315	7056.000000
654.277954	6999.000000
654.407654	6933.000000
654.537354	7012.000000
654.666992	6914.000000
654.796692	6915.000000
654.926392	6968.000000
655.056030	6965.000000
655.185730	6945.000000
655.315430	6982.000000
655.445068	6964.000000
655.574768	7052.000000
655.704468	7018.000000
655.834106	6926.000000
655.963806	7006.000000
656.093506	7065.000000
656.223145	7046.000000
656.352844	6973.000000
656.482544	6969.000000
656.612244	6948.000000
656.741882	7048.000000
656.871582	7005.000000
657.001282	7069.000000
657.130920	7038.000000
657.260620	6944.000000
657.390320	7009.000000
657.519958	7002.000000
657.649658	7099.000000
657.779358	7017.000000
657.908997	6990.000000
658.038696	7015.000000
658.168396	7059.000000
658.298035	7070.000000
658.427734	7104.000000
658.557434	6999.000000
658.687073	7043.000000
658.816772	7001.000000
658.946472	6979.000000
659.076111	6988.000000
659.205811	7029.000000
659.335510	7002.000000
659.465149	6998.000000
659.594849	7062.000000
659.724548	7022.000000
659.854248	7084.000000
659.983887	6997.000000
660.113586	7068.000000
660.243286	7059.000000
660.372925	7079.000000
660.502625	7137.000000
660.632324	7086.000000
660.761963	7087.000000
660.891663	7125.000000
661.021362	6999.000000
661.151001	7094.000000
661.280701	7026.000000
661.410400	7204.000000
661.540039	7149.000000
661.669739	7140.000000
661.799438	7172.000000
661.929077	7156.000000
662.058777	7123.000000
662.188477	7125.000000
662.318115	7075.000000
662.447815	7086.000000
662.577515	7150.000000
662.707153	7160.000000
662.836853	7151.000000
662.966553	7148.000000
663.096191	7134.000000
663.225891	7124.000000
663.355591	7163.000000
663.485291	7070.000000
663.614929	7161.000000
663.744629	7135.000000
663.874329	7212.000000
664.003967	7222.000000
664.133667	7205.000000
664.263367	7199.000000
664.393005	7203.000000
664.522705	7193.000000
664.652405	7271.000000
664.782043	7224.000000
664.911743	7262.000000
665.041443	7144.000000
665.171082	7295.000000
665.300781	7246.000000
665.430481	7185.000000
665.560120	7162.000000
665.689819	7197.000000
665.819519	7244.000000
665.949158	7183.000000
666.078857	7129.000000
666.208557	7249.000000
666.338196	7132.000000
666.467896	7100.000000
666.597595	7162.000000
666.727295	7101.000000
666.856934	7153.000000
666.986633	7190.000000
667.116333	7262.000000
667.245972	7225.000000
667.375671	7220.000000
667.505371	7107.000000
667.635010	7235.000000
667.764709	7176.000000
667.894409	7182.000000
668.024048	7216.000000
668.153748	7286.000000
668.283447	7242.000000
668.413086	7221.000000
668.542786	7316.000000
668.672485	7177.000000
668.802124	7225.000000
668.931824	7181.000000
669.061523	7231.000000
669.191162	7132.000000
669.320862	7182.000000
669.450562	7149.000000
669.580200	7209.000000
669.709900	7270.000000
669.839600	7203.000000
669.969238	7230.000000
670.098938	7147.000000
670.228638	7159.000000
670.358337	7176.000000
670.487976	7296.000000
670.617676	7270.000000
670.747375	7287.000000
670.877014	7287.000000
671.006714	7185.000000
671.136414	7231.000000
671.266052	7285.000000
671.395752	7273.000000
671.525452	7259.000000
671.655090	7274.000000
671.784790	7285.000000
671.914490	7271.000000
672.044128	7262.000000
672.173828	7240.000000
672.303528	7207.000000
672.433167	7200.000000
672.562866	7191.000000
672.692566	7283.000000
672.822205	7254.000000
672.951904	7316.000000
673.081604	7304.000000
673.211243	7295.000000
673.340942	7387.000000
673.470642	7352.000000
673.600342	7343.000000
673.729980	7419.000000
673.859680	7367.000000
673.989380	7321.000000
674.119019	7328.000000
674.248718	7380.000000
674.378418	7376.000000
674.508057	7377.000000
674.637756	7435.000000
674.767456	7379.000000
674.897095	7374.000000
675.026794	7353.000000
675.156494	7391.000000
675.286133	7351.000000
675.415833	7443.000000
675.545532	7452.000000
675.675171	7414.000000
675.804871	7457.000000
675.934570	7437.000000
676.064209	7436.000000
676.193909	7511.000000
676.323608	7537.000000
676.453247	7526.000000
676.582947	7578.000000
676.712646	7533.000000
676.842285	7531.000000
676.971985	7597.000000
677.101685	7567.000000
677.231384	7576.000000
677.361023	7573.000000
677.490723	7584.000000
677.620422	7670.000000
677.750061	7568.000000
677.879761	7647.000000
678.009460	7603.000000
678.139099	7642.000000
678.268799	7591.000000
678.398499	7681.000000
678.528137	7648.000000
678.657837	7592.000000
678.787537	7677.000000
678.917175	7622.000000
679.046875	7630.000000
679.176575	7608.000000
679.306213	7627.000000
679.435913	7656.000000
679.565613	7714.000000
679.695251	7661.000000
679.824951	7619.000000
679.954651	7609.000000
680.084290	7647.000000
680.213989	7667.000000
680.343689	7720.000000
680.473389	7585.000000
680.603027	7643.000000
680.732727	7573.000000
680.862427	7577.000000
680.992065	7637.000000
681.121765	7649.000000
681.251465	7505.000000
681.381104	7633.000000
681.510803	7557.000000
681.640503	7580.000000
681.770142	7575.000000
681.899841	7624.000000
682.029541	7634.000000
682.159180	7608.000000
682.288879	7571.000000
682.418579	7682.000000
682.548218	7648.000000
682.677917	7626.000000
682.807617	7532.000000
682.937256	7595.000000
683.066956	7634.000000
683.196655	7626.000000
683.326294	7645.000000
683.455994	7611.000000
683.585693	7660.000000
683.715332	7649.000000
683.845032	7466.000000
683.974731	7461.000000
684.104431	7516.000000
684.234070	7462.000000
684.363770	7499.000000
684.493469	7441.000000
684.623108	7507.000000
684.752808	7501.000000
684.882507	7497.000000
685.012146	7458.000000
685.141846	7532.000000
685.271545	7636.000000
685.401184	7511.000000
685.530884	7511.000000
685.660583	7508.000000
685.790222	7503.000000
685.919922	7553.000000
686.049622	7537.000000
686.179260	7521.000000
686.308960	7487.000000
686.438660	7514.000000
686.568298	7440.000000
686.697998	7418.000000
686.827698	7467.000000
686.957336	7405.000000
687.087036	7468.000000
687.216736	7411.000000
687.346436	7498.000000
687.476074	7494.000000
687.605774	7444.000000
687.735474	7449.000000
687.865112	7481.000000
687.994812	7445.000000
688.124512	7651.000000
688.254150	7524.000000
688.383850	7524.000000
688.513550	7549.000000
688.643188	7578.000000
688.772888	7577.000000
688.902588	7566.000000
689.032227	7583.000000
689.161926	7620.000000
689.291626	7585.000000
689.421265	7641.000000
689.550964	7562.000000
689.680664	7619.000000
689.810303	7614.000000
689.940002	7640.000000
690.069702	7647.000000
690.199341	7717.000000
690.329041	7659.000000
690.458740	7692.000000
690.588379	7706.000000
690.718079	7716.000000
690.847778	7742.000000
690.977478	7853.000000
691.107117	7752.000000
691.236816	7782.000000
691.366516	7830.000000
691.496155	7856.000000
691.625854	7889.000000
691.755554	7955.000000
691.885193	7954.000000
692.014893	7955.000000
692.144592	7985.000000
692.274231	7977.000000
692.403931	7952.000000
692.533630	7930.000000
692.663269	8004.000000
692.792969	7935.000000
692.922668	7987.000000
693.052307	8085.000000
693.182007	8002.000000
693.311707	8078.000000
693.441345	8037.000000
693.571045	8174.000000
693.700745	8204.000000
693.830383	8242.000000
693.960083	8211.000000
694.089783	8249.000000
694.219421	8201.000000
694.349121	8210.000000
694.478821	8245.000000
694.608521	8284.000000
694.738159	8234.000000
694.867859	8270.000000
694.997559	8325.000000
695.127197	8321.000000
695.256897	8277.000000
695.386597	8305.000000
695.516235	8375.000000
695.645935	8442.000000
695.775635	8513.000000
695.905273	8505.000000
696.034973	8389.000000
696.164673	8396.000000
696.294312	8481.000000
696.424011	8468.000000
696.553711	8542.000000
696.683350	8565.000000
696.813049	8449.000000
696.942749	8495.000000
697.072388	8597.000000
697.202087	8585.000000
697.331787	8519.000000
697.461426	8563.000000
697.591125	8673.000000
697.720825	8577.000000
697.850525	8618.000000
697.980164	8577.000000
698.109863	8677.000000
698.239563	8566.000000
698.369202	8605.000000
698.498901	8691.000000
698.628601	8630.000000
698.758240	8569.000000
698.887939	8610.000000
699.017639	8632.000000
699.147278	8652.000000
699.276978	8595.000000
699.406677	8651.000000
699.536316	8602.000000
699.666016	8600.000000
699.795715	8605.000000
699.925354	8664.000000
700.055054	8647.000000
700.184753	8607.000000
700.314392	8661.000000
700.444092	8580.000000
700.573792	8699.000000
700.703430	8666.000000
700.833130	8652.000000
700.962830	8659.000000
701.092468	8607.000000
701.222168	8607.000000
701.351868	8577.000000
701.481567	8629.000000
701.611206	8595.000000
701.740906	8713.000000
701.870605	8649.000000
702.000244	8635.000000
702.129944	8670.000000
702.259644	8641.000000
702.389282	8675.000000
702.518982	8691.000000
702.648682	8643.000000
702.778320	8702.000000
702.908020	8676.000000
703.037720	8589.000000
703.167358	8553.000000
703.297058	8662.000000
703.426758	8612.000000
703.556396	8650.000000
703.686096	8637.000000
703.815796	8644.000000
703.945435	8661.000000
704.075134	8518.000000
704.204834	8610.000000
704.334473	8634.000000
704.464172	8714.000000
704.593872	8703.000000
704.723572	8648.000000
704.853210	8802.000000
704.982910	8678.000000
705.112610	8769.000000
705.242249	8736.000000
705.371948	8824.000000
705.501648	8744.000000
705.631287	8797.000000
705.760986	8820.000000
705.890686	8779.000000
706.020325	8811.000000
706.150024	8839.000000
706.279724	8968.000000
706.409363	8905.000000
706.539062	8950.000000
706.668762	9040.000000
706.798401	8992.000000
706.928101	9053.000000
707.057800	9046.000000
707.187439	9179.000000
707.317139	9069.000000
707.446838	9160.000000
707.576477	9111.000000
707.706177	9212.000000
707.835876	9079.000000
707.965515	9194.000000
708.095215	9211.000000
708.224915	9172.000000
708.354614	9191.000000
708.484253	9192.000000
708.613953	9216.000000
708.743652	9366.000000
708.873291	9457.000000
709.002991	9438.000000
709.132690	9524.000000
709.262329	9549.000000
709.392029	9509.000000
709.521729	9623.000000
709.651367	9665.000000
709.781067	9614.000000
709.910767	9728.000000
710.040405	9739.000000
710.170105	9819.000000
710.299805	9877.000000
710.429443	9923.000000
710.559143	9998.000000
710.688843	10099.000000
710.818481	10183.000000
710.948181	10080.000000
711.077881	10209.000000
711.207520	10248.000000
711.337219	10301.000000
711.466919	10279.000000
711.596619	10281.000000
711.726257	10383.000000
711.855957	10592.000000
711.985657	10532.000000
712.115295	10741.000000
712.244995	10731.000000
712.374695	10615.000000
712.504333	10762.000000
712.634033	10831.000000
712.763733	10888.000000
712.893372	10918.000000
713.023071	10905.000000
713.152771	10952.000000
713.282410	11022.000000
713.412109	11001.000000
713.541809	11049.000000
713.671448	11194.000000
713.801147	11245.000000
713.930847	11346.000000
714.060486	11339.000000
714.190186	11340.000000
714.319885	11512.000000
714.449524	11579.000000
714.579224	11724.000000
714.708923	11679.000000
714.838562	11662.000000
714.968262	11948.000000
715.097961	11858.000000
715.227661	11855.000000
715.357300	11759.000000
715.487000	11816.000000
715.616699	11866.000000
715.746338	11955.000000
715.876038	11862.000000
716.005737	11989.000000
716.135376	11974.000000
716.265076	12027.000000
716.394775	12053.000000
716.524414	11899.000000
716.654114	11951.000000
716.783813	12130.000000
716.913452	12059.000000
717.043152	12040.000000
717.172852	12086.000000
717.302490	12091.000000
717.432190	12217.000000
717.561890	12045.000000
717.691528	12027.000000
717.821228	12122.000000
717.950928	12161.000000
718.080566	12130.000000
718.210266	12112.000000
718.339966	12148.000000
718.469666	12104.000000
718.599304	12069.000000
718.729004	12018.000000
718.858704	11950.000000
718.988342	11915.000000
719.118042	11835.000000
719.247742	11817.000000
719.377380	11780.000000
719.507080	11701.000000
719.636780	11651.000000
719.766418	11589.000000
719.896118	11556.000000
720.025818	11549.000000
720.155457	11368.000000
720.285156	11257.000000
720.414856	11206.000000
720.544495	11271.000000
720.674194	11166.000000
720.803894	10958.000000
720.933533	10932.000000
721.063232	10814.000000
721.192932	10744.000000
721.322571	10623.000000
721.452271	10514.000000
721.581970	10417.000000
721.711609	10430.000000
721.841309	10350.000000
721.971008	10283.000000
722.100708	10137.000000
722.230347	10045.000000
722.360046	9899.000000
722.489746	9783.000000
722.619385	9750.000000
722.749084	9636.000000
722.878784	9582.000000
723.008423	9383.000000
723.138123	9245.000000
723.267822	9150.000000
723.397461	9077.000000
723.527161	8879.000000
723.656860	8792.000000
723.786499	8652.000000
723.916199	8541.000000
724.045898	8346.000000
724.175537	8332.000000
724.305237	8281.000000
724.434937	8142.000000
724.564575	8096.000000
724.694275	7879.000000
724.823975	7855.000000
724.953613	7738.000000
725.083313	7680.000000
725.213013	7585.000000
725.342712	7425.000000
725.472351	7338.000000
725.602051	7174.000000
725.731750	7136.000000
725.861389	7044.000000
725.991089	6996.000000
726.120789	6924.000000
726.250427	6874.000000
726.380127	6720.000000
726.509827	6797.000000
726.639465	6541.000000
726.769165	6531.000000
726.898865	6407.000000
727.028503	6292.000000
727.158203	6313.000000
727.287903	6256.000000
727.417542	6156.000000
727.547241	6103.000000
727.676941	6028.000000
727.806580	5852.000000
727.936279	5840.000000
728.065979	5837.000000
728.195618	5737.000000
728.325317	5644.000000
728.455017	5635.000000
728.584656	5544.000000
728.714355	5459.000000
728.844055	5416.000000
728.973755	5310.000000
729.103394	5297.000000
729.233093	5278.000000
729.362793	5267.000000
729.492432	5212.000000
729.622131	5187.000000
729.751831	5013.000000
729.881470	5071.000000
730.011169	4974.000000
730.140869	5011.000000
730.270508	4967.000000
730.400208	4947.000000
730.529907	4818.000000
730.659546	4825.000000
730.789246	4854.000000
730.918945	4760.000000
731.048584	4678.000000
731.178284	4719.000000
731.307983	4627.000000
731.437622	4595.000000
731.567322	4550.000000
731.697021	4553.000000
731.826660	4507.000000
731.956360	4475.000000
732.086060	4443.000000
732.215759	4381.000000
732.345398	4390.000000
732.475098	4371.000000
732.604797	4332.000000
732.734436	4357.000000
732.864136	4259.000000
732.993835	4302.000000
733.123474	4312.000000
733.253174	4236.000000
733.382874	4183.000000
733.512512	4176.000000
733.642212	4149.000000
733.771912	4132.000000
733.901550	4172.000000
734.031250	4123.000000
734.160950	4112.000000
734.290588	4087.000000
734.420288	4100.000000
734.549988	4045.000000
734.679626	4067.000000
734.809326	3895.000000
734.939026	4013.000000
735.068665	3893.000000
735.198364	3871.000000
735.328064	3878.000000
735.457703	3873.000000
735.587402	3837.000000
735.717102	3875.000000
735.846802	3819.000000
735.976440	3787.000000
736.106140	3763.000000
736.235840	3699.000000
736.365479	3763.000000
736.495178	3718.000000
736.624878	3637.000000
736.754517	3634.000000
736.884216	3593.000000
737.013916	3542.000000
737.143555	3574.000000
737.273254	3554.000000
737.402954	3572.000000
737.532593	3513.000000
737.662292	3494.000000
737.791992	3437.000000
737.921631	3413.000000
738.051331	3412.000000
738.181030	3446.000000
738.310669	3392.000000
738.440369	3372.000000
738.570068	3356.000000
738.699707	3308.000000
738.829407	3288.000000
738.959106	3248.000000
739.088745	3190.000000
739.218445	3197.000000
739.348145	3150.000000
739.477844	3097.000000
739.607483	3110.000000
739.737183	3007.000000
739.866882	3063.000000
739.996521	2984.000000
740.126221	2948.000000
740.255920	2902.000000
740.385559	2860.000000
740.515259	2849.000000
740.644958	2853.000000
740.774597	2814.000000
740.904297	2790.000000
741.033997	2697.000000
741.163635	2723.000000
741.293335	2664.000000
741.423035	2622.000000
741.552673	2611.000000
741.682373	2581.000000
741.812073	2561.000000
741.941711	2505.000000
742.071411	2452.000000
742.201111	2391.000000
742.330750	2382.000000
742.460449	2329.000000
742.590149	2341.000000
742.719849	2282.000000
742.849487	2243.000000
742.979187	2222.000000
743.108887	2191.000000
743.238525	2182.000000
743.368225	2185.000000
743.497925	2095.000000
743.627563	2099.000000
743.757263	2048.000000
743.886963	2021.000000
744.016602	1994.000000
744.146301	1966.000000
744.276001	1941.000000
744.405640	1898.000000
744.535339	1901.000000
744.665039	1823.000000
744.794678	1772.000000
744.924377	1751.000000
745.054077	1727.000000
745.183716	1690.000000
745.313416	1669.000000
745.443115	1636.000000
745.572754	1614.000000
745.702454	1589.000000
745.832153	1540.000000
745.961792	1525.000000
746.091492	1491.000000
746.221191	1453.000000
746.350891	1426.000000
746.480530	1416.000000
746.610229	1388.000000
746.739929	1347.000000
746.869568	1354.000000
746.999268	1312.000000
747.128967	1300.000000
747.258606	1285.000000
747.388306	1230.000000
747.518005	1224.000000
747.647644	1239.000000
747.777344	1198.000000
747.907043	1206.000000
748.036682	1136.000000
748.166382	1134.000000
748.296082	1148.000000
748.425720	1115.000000
748.555420	1106.000000
748.685120	1091.000000
748.814758	1071.000000
748.944458	1040.000000
749.074158	1019.000000
749.203796	1001.000000
749.333496	990.000000
749.463196	981.000000
749.592896	947.000000
749.722534	944.000000
749.852234	936.000000
749.981934	920.000000
750.111572	912.000000
750.241272	878.000000
750.370972	893.000000
750.500610	881.000000
750.630310	866.000000
750.760010	859.000000
750.889648	858.000000
751.019348	841.000000
751.149048	831.000000
751.278687	828.000000
751.408386	814.000000
751.538086	806.000000
751.667725	778.000000
751.797424	794.000000
751.927124	799.000000
752.056763	765.000000
752.186462	754.000000
752.316162	776.000000
752.445801	758.000000
752.575500	749.000000
752.705200	762.000000
752.834839	735.000000
752.964539	748.000000
753.094238	736.000000
753.223938	734.000000
753.353577	727.000000
753.483276	705.000000
753.612976	720.000000
753.742615	701.000000
753.872314	721.000000
754.002014	708.000000
754.131653	710.000000
754.261353	721.000000
754.391052	700.000000
754.520691	703.000000
754.650391	681.000000
754.780090	700.000000
754.909729	721.000000
755.039429	685.000000
755.169128	705.000000
755.298767	686.000000
755.428467	675.000000
755.558167	711.000000
755.687805	679.000000
755.817505	685.000000
755.947205	674.000000
756.076843	670.000000
756.206543	667.000000
756.336243	667.000000
756.465942	658.000000
756.595581	668.000000
756.725281	657.000000
756.854980	672.000000
756.984619	665.000000
757.114319	680.000000
757.244019	663.000000
757.373657	636.000000
757.503357	662.000000
757.633057	657.000000
757.762695	647.000000
757.892395	651.000000
758.022095	641.000000
758.151733	643.000000
758.281433	651.000000
758.411133	667.000000
758.540771	672.000000
758.670471	649.000000
758.800171	652.000000
758.929810	654.000000
759.059509	654.000000
759.189209	645.000000
759.318848	663.000000
759.448547	630.000000
759.578247	655.000000
759.707886	663.000000
759.837585	656.000000
759.967285	659.000000
760.096985	665.000000
760.226624	661.000000
760.356323	648.000000
760.486023	655.000000
760.615662	668.000000
760.745361	659.000000
760.875061	643.000000
761.004700	667.000000
761.134399	660.000000
761.264099	655.000000
761.393738	660.000000
761.523437	662.000000
761.653137	667.000000
761.782776	674.000000
761.912476	661.000000
762.042175	674.000000
762.171814	694.000000
762.301514	652.000000
762.431213	666.000000
762.560852	670.000000
762.690552	687.000000
762.820251	678.000000
762.949890	682.000000
763.079590	673.000000
763.209290	675.000000
763.338989	672.000000
763.468628	674.000000
763.598328	669.000000
763.728027	669.000000
763.857666	674.000000
763.987366	689.000000
764.117065	694.000000
764.246704	671.000000
764.376404	675.000000
764.506104	679.000000
764.635742	700.000000
764.765442	709.000000
764.895142	701.000000
765.024780	695.000000
765.154480	684.000000
765.284180	682.000000
765.413818	678.000000
765.543518	693.000000
765.673218	677.000000
765.802856	685.000000
765.932556	681.000000
766.062256	670.000000
766.191895	685.000000
766.321594	688.000000
766.451294	667.000000
766.580933	660.000000
766.710632	656.000000
766.840332	665.000000
766.970032	652.000000
767.099670	659.000000
767.229370	658.000000
767.359070	646.000000
767.488708	648.000000
767.618408	659.000000
767.748108	647.000000
767.877747	655.000000
768.007446	677.000000
768.137146	634.000000
768.266785	639.000000
768.396484	640.000000
768.526184	626.000000
768.655823	645.000000
768.785522	647.000000
768.915222	626.000000
769.044861	639.000000
769.174561	649.000000
769.304260	633.000000
769.433899	617.000000
769.563599	637.000000
769.693298	628.000000
769.822937	613.000000
769.952637	603.000000
770.082336	611.000000
770.212036	608.000000
770.341675	604.000000
770.471375	588.000000
770.601074	589.000000
770.730713	562.000000
770.860413	586.000000
770.990112	579.000000
771.119751	574.000000
771.249451	579.000000
771.379150	563.000000
771.508789	571.000000
771.638489	560.000000
771.768188	552.000000
771.897827	570.000000
772.027527	576.000000
772.157227	567.000000
772.286865	577.000000
772.416565	575.000000
772.546265	555.000000
772.675903	557.000000
772.805603	555.000000
772.935303	556.000000
773.064941	554.000000
773.194641	566.000000
773.324341	560.000000
773.453979	559.000000
773.583679	566.000000
773.713379	561.000000
773.843079	549.000000
773.972717	547.000000
774.102417	547.000000
774.232117	542.000000
774.361755	546.000000
774.491455	546.000000
774.621155	532.000000
774.750793	541.000000
774.880493	541.000000
775.010193	541.000000
775.139832	525.000000
775.269531	518.000000
775.399231	545.000000
775.528870	542.000000
775.658569	535.000000
775.788269	529.000000
775.917908	533.000000
776.047607	542.000000
776.177307	538.000000
776.306946	549.000000
776.436646	539.000000
776.566345	542.000000
776.695984	550.000000
776.825684	547.000000
776.955383	541.000000
777.085083	557.000000
777.214722	542.000000
777.344421	552.000000
777.474121	539.000000
777.603760	533.000000
777.733459	540.000000
777.863159	536.000000
777.992798	548.000000
778.122498	532.000000
778.252197	546.000000
778.381836	538.000000
778.511536	557.000000
778.641235	560.000000
778.770874	548.000000
778.900574	541.000000
779.030273	529.000000
779.159912	522.000000
779.289612	537.000000
779.419312	535.000000
779.548950	542.000000
779.678650	540.000000
779.808350	529.000000
779.937988	539.000000
780.067688	533.000000
780.197388	537.000000
780.327026	540.000000
780.456726	519.000000
780.586426	523.000000
780.716125	522.000000
780.845764	545.000000
780.975464	522.000000
781.105164	519.000000
781.234802	515.000000
781.364502	512.000000
781.494202	513.000000
781.623840	512.000000
781.753540	509.000000
781.883240	509.000000
782.012878	505.000000
782.142578	488.000000
782.272278	500.000000
782.401917	504.000000
782.531616	483.000000
782.661316	495.000000
782.790955	499.000000
